2457738.3768070  1.0000098
2457738.3972390  1.0002604
2457738.4176720  1.0000851
2457738.4381040  1.0000292
2457738.4585370  1.0000343
2457738.4789690  1.0004187
2457738.4994020  1.0007476
2457738.5198340  1.0009548
2457738.5402670  1.0009227
2457738.5811320  1.0003959
2457738.6015640  1.0004937
2457738.6219970  1.0000981
2457738.6424290  0.9998976
2457738.6628610  0.9991834
2457738.6832940  0.9992821
2457738.7037260  0.9995482
2457738.7241590  0.9996827
2457738.7445910  0.9998857
2457738.7650240  1.0002618
2457738.7854560  1.0006494
2457738.8263210  1.0000082
2457738.8467540  0.9998210
2457738.8671860  1.0003081
2457738.8876190  0.9999968
2457738.9080510  1.0005001
2457738.9284830  1.0004988
2457738.9489160  1.0004356
2457738.9693480  0.9999872
2457738.9897810  1.0002817
2457739.0102130  0.9997358
2457739.0306460  0.9998566
2457739.0715110  0.9996607
2457739.0919430  0.9993809
2457739.1123760  0.9997056
2457739.1328080  0.9998563
2457739.1532400  0.9998435
2457739.1736730  1.0002622
2457739.1941050  1.0001029
2457739.2145380  0.9998020
2457739.2349700  0.9997337
2457739.2554030  0.9995851
2457739.2758350  0.9998967
2457739.3167000  0.9997334
2457739.3371320  0.9995881
2457739.3575650  0.9995380
2457739.3779970  0.9995692
2457739.3984300  0.9996741
2457739.4188620  0.9999911
2457739.4392950  1.0000082
2457739.4597270  0.9997760
2457739.4801600  0.9998669
2457739.5005920  1.0000943
2457739.5210240  0.9999131
2457739.5618890  1.0000240
2457739.5823220  0.9999405
2457739.6027540  0.9999878
2457739.6231870  0.9995878
2457739.6436190  0.9997484
2457739.6640510  1.0000359
2457739.6844840  0.9997099
2457739.7049160  0.9999212
2457739.7253490  0.9999328
2457739.7457810  0.9997982
2457739.7662140  0.9996673
2457739.8070780  1.0002028
2457739.8275110  1.0001697
2457739.8479430  1.0000701
2457739.8683760  1.0000000
2457739.8888080  0.9999270
2457739.9092410  0.9997440
2457739.9296730  0.9998414
2457739.9501060  1.0001221
2457739.9705380  1.0001214
2457739.9909700  1.0000237
2457740.0114030  0.9999864
2457740.0522680  1.0003640
2457740.0727000  1.0004827
2457740.0931330  1.0001845
2457740.1135650  1.0000217
2457740.1339970  1.0001561
2457740.1544300  1.0002356
2457740.1748620  1.0000728
2457740.1952950  1.0002704
2457740.2157270  1.0001816
2457740.2361590  1.0001479
2457740.2565920  1.0000883
2457740.3178890  0.9999735
2457740.3383220  0.9996449
2457740.3587540  0.9991983
2457740.3791860  0.9998789
2457740.3996190  0.9997384
2457740.4200510  1.0002701
2457740.4404840  1.0002641
2457740.4609160  1.0004548
2457740.4813480  1.0003822
2457740.5017810  1.0001856
2457740.5222130  1.0000077
2457740.5426460  1.0003843
2457740.5630780  1.0003907
2457740.5835100  0.9998244
2457740.6039430  0.9990999
2457740.6243750  0.9983791
2457740.6448080  0.9988287
2457740.6652400  0.9983808
2457740.6856720  0.9987613
2457740.7061050  0.9999234
2457740.7265370  1.0000532
2457740.7469700  1.0000642
2457740.7878350  1.0002046
2457740.8082670  1.0000080
2457740.8286990  1.0001227
2457740.8491320  1.0001790
2457740.8695640  1.0002283
2457740.8899960  0.9997339
2457740.9104290  1.0000273
2457740.9308610  1.0003138
2457740.9512940  0.9999079
2457740.9717260  1.0000203
2457740.9921580  1.0003027
2457741.0330230  1.0000475
2457741.0534560  0.9999256
2457741.0738880  0.9998637
2457741.0943200  0.9999608
2457741.1147530  0.9996950
2457741.1351850  1.0000076
2457741.1556180  1.0003354
2457741.1760500  0.9999964
2457741.1964820  0.9997145
2457741.2169150  1.0001042
2457741.2373470  0.9995797
2457741.2782120  1.0000097
2457741.2986440  0.9999952
2457741.3190770  0.9999205
2457741.3395090  1.0000920
2457741.3599410  1.0000998
2457741.3803740  1.0001536
2457741.4008060  0.9999623
2457741.4212390  0.9999962
2457741.4416710  1.0001543
2457741.4621030  1.0000806
2457741.4825360  0.9998453
2457741.5438330  0.9999544
2457741.5642650  1.0000079
2457741.5846980  1.0001041
2457741.6051300  1.0002405
2457741.6255620  1.0000371
2457741.6459950  0.9998555
2457741.6664270  1.0000300
2457741.6868600  0.9999700
2457741.7072920  1.0002107
2457741.7277240  0.9999946
2457741.7481570  1.0001423
2457741.7685890  1.0001379
2457741.7890210  0.9995459
2457741.8094540  0.9999666
2457741.8298860  1.0004410
2457741.8503180  1.0000072
2457741.8707510  1.0000297
2457741.8911830  1.0002793
2457741.9116160  1.0001513
2457741.9320480  1.0001938
2457741.9524800  0.9999406
2457741.9729130  0.9999176
2457742.0342100  1.0000000
2457742.0546420  0.9996824
2457742.0750750  1.0000302
2457742.0955070  1.0001246
2457742.1159390  1.0001289
2457742.1363720  0.9999234
2457742.1568040  0.9997998
2457742.1772360  1.0001275
2457742.1976690  0.9999796
2457742.2181010  0.9999621
2457742.2793980  0.9999239
2457742.2998300  1.0000000
2457742.3202630  1.0000100
2457742.3406950  0.9999338
2457742.3611280  1.0002367
2457742.3815600  0.9999003
2457742.4019920  1.0004955
2457742.4224250  0.9999023
2457742.4428570  0.9999005
2457742.4632890  0.9997634
2457742.5041540  0.9999815
2457742.5245860  0.9999294
2457742.5450190  1.0001193
2457742.5654510  1.0001223
2457742.5858830  1.0000815
2457742.6063160  0.9999429
2457742.6267480  0.9999137
2457742.6471800  1.0000616
2457742.6676130  1.0003257
2457742.6880450  1.0000049
2457742.7084780  0.9998979
2457742.7697750  1.0001166
2457742.7902070  1.0000000
2457742.8106390  1.0000192
2457742.8310720  1.0003834
2457742.8515040  1.0000567
2457742.8719360  1.0000061
2457742.8923690  0.9997768
2457742.9128010  1.0001824
2457742.9332330  0.9999131
2457742.9536660  1.0000955
2457742.9740980  1.0001675
2457742.9945300  1.0001640
2457743.0149630  1.0003494
2457743.0353950  1.0000873
2457743.0558270  0.9999644
2457743.0762600  1.0000830
2457743.0966920  1.0001239
2457743.1171240  0.9993011
2457743.1375570  0.9993986
2457743.1579890  0.9993714
2457743.1784210  0.9993189
2457743.1988540  0.9996222
2457743.2397180  1.0001637
2457743.2601510  1.0005302
2457743.2805830  1.0005169
2457743.3010150  1.0001259
2457743.3214480  1.0003559
2457743.3418800  1.0000800
2457743.3623120  1.0005784
2457743.3827440  1.0007198
2457743.4031770  1.0002618
2457743.4236090  1.0003616
2457743.4440410  1.0003714
2457743.4849060  0.9999827
2457743.5053380  1.0001647
2457743.5257710  1.0001172
2457743.5462030  1.0002971
2457743.5666350  1.0002020
2457743.5870680  1.0002673
2457743.6075000  1.0006559
2457743.6279320  1.0006847
2457743.6483650  1.0000433
2457743.6687970  1.0003658
2457743.6892290  1.0007044
2457743.7300940  1.0003269
2457743.7505260  1.0003673
2457743.7709590  1.0002058
2457743.7913910  1.0000989
2457743.8118230  1.0001442
2457743.8322550  1.0003485
2457743.8526880  0.9997581
2457743.8731200  0.9998668
2457743.8935520  0.9997893
2457743.9139850  1.0001803
2457743.9344170  1.0001085
2457743.9752820  1.0000188
2457743.9957140  1.0000787
2457744.0161460  1.0000608
2457744.0365790  1.0002358
2457744.0570110  1.0000071
2457744.0774430  1.0002062
2457744.0978760  0.9998950
2457744.1183080  1.0002719
2457744.1387400  1.0003251
2457744.1591720  0.9999621
2457744.1796050  0.9999083
2457744.2409020  0.9998404
2457744.2613340  1.0002021
2457744.2817660  1.0000716
2457744.3021990  0.9999850
2457744.3226310  0.9999503
2457744.3430630  1.0001613
2457744.3634950  1.0000163
2457744.3839280  0.9998282
2457744.4043600  1.0000349
2457744.4247920  0.9999010
2457744.4452250  1.0004080
2457744.4656570  1.0000917
2457744.4860890  0.9999844
2457744.5065220  1.0000066
2457744.5269540  0.9997994
2457744.5473860  0.9998981
2457744.5678180  0.9999834
2457744.5882510  1.0001174
2457744.6086830  1.0001680
2457744.6291150  0.9998971
2457744.6495480  1.0002587
2457744.6699800  1.0000839
2457744.7312770  1.0000113
2457744.7517090  1.0001473
2457744.7721410  1.0005952
2457744.7925740  1.0003447
2457744.8130060  1.0001972
2457744.8334380  1.0003236
2457744.8538700  1.0001050
2457744.8743030  0.9996722
2457744.8947350  1.0001261
2457744.9151670  1.0003481
2457744.9356000  1.0004591
2457744.9560320  0.9996576
2457744.9764640  0.9997786
2457744.9968960  1.0002267
2457745.0173290  0.9999732
2457745.0377610  1.0001672
2457745.0581930  0.9997577
2457745.0786260  0.9997096
2457745.0990580  0.9996988
2457745.1194900  1.0000000
2457745.1399220  1.0001966
2457745.1603550  1.0000031
2457745.1807870  0.9999275
2457745.2012190  0.9998399
2457745.2216510  0.9998127
2457745.2420840  1.0000940
2457745.2625160  1.0000340
2457745.2829480  0.9998226
2457745.3033810  0.9999958
2457745.3238130  0.9999573
2457745.3442450  0.9994765
2457745.3646770  1.0000000
2457745.3851100  1.0004782
2457745.4055420  1.0001297
2457745.4668390  1.0001158
2457745.4872710  1.0004010
2457745.5077030  1.0007037
2457745.5281360  1.0006388
2457745.5485680  1.0001246
2457745.5690000  1.0000000
2457745.5894320  1.0002212
2457745.6098640  1.0000000
2457745.6302970  1.0000000
2457745.6507290  0.9999078
2457745.6711610  1.0000975
2457745.6915940  0.9999424
2457745.7120260  0.9998427
2457745.7324580  1.0001534
2457745.7528900  1.0000188
2457745.7733230  0.9999709
2457745.7937550  0.9997780
2457745.8141870  1.0000327
2457745.8346190  1.0000996
2457745.8550520  0.9999469
2457745.8754840  0.9999642
2457745.8959160  0.9999085
2457745.9163480  0.9996621
2457745.9367810  1.0000337
2457745.9572130  0.9999732
2457745.9776450  0.9999807
2457745.9980770  0.9996809
2457746.0185100  1.0000272
2457746.0389420  0.9999874
2457746.0593740  0.9998947
2457746.0798060  0.9997395
2457746.1002390  1.0000021
2457746.1206710  1.0006374
2457746.1411030  1.0003000
2457746.2024000  1.0000555
2457746.2228320  1.0000224
2457746.2432640  0.9998623
2457746.2636970  1.0002899
2457746.2841290  1.0000773
2457746.3045610  1.0000956
2457746.3249930  0.9998803
2457746.3454260  0.9998895
2457746.3658580  0.9999928
2457746.3862900  1.0000380
2457746.4067220  0.9999282
2457746.4271550  0.9999706
2457746.4475870  1.0002799
2457746.4680190  0.9997543
2457746.4884510  1.0000758
2457746.5088840  1.0001363
2457746.5293160  0.9998619
2457746.5497480  0.9999162
2457746.5701800  1.0001955
2457746.5906120  1.0001553
2457746.6110450  1.0003097
2457746.6314770  1.0001178
2457746.6723410  0.9997012
2457746.6927740  0.9998978
2457746.7132060  0.9998375
2457746.7336380  1.0002357
2457746.7540700  0.9999784
2457746.7745030  0.9996060
2457746.7949350  0.9999687
2457746.8153670  1.0001581
2457746.8357990  1.0002352
2457746.8562320  1.0001233
2457746.8766640  1.0002733
2457746.8970960  1.0000573
2457746.9175280  0.9996803
2457746.9379600  0.9998587
2457746.9583930  1.0001041
2457746.9788250  1.0001719
2457746.9992570  1.0001198
2457747.0196890  0.9998942
2457747.0401220  1.0001773
2457747.0605540  0.9998759
2457747.0809860  0.9998308
2457747.1014180  0.9999431
2457747.1218500  0.9997856
2457747.1422830  1.0000764
2457747.1627150  1.0001185
2457747.1831470  1.0000638
2457747.2035790  1.0000387
2457747.2240120  1.0000089
2457747.2444440  1.0002366
2457747.2648760  1.0000521
2457747.2853080  0.9998161
2457747.3057400  0.9998718
2457747.3261730  0.9996085
2457747.3466050  1.0000000
2457747.3670370  1.0001124
2457747.3874690  1.0000158
2457747.4079020  0.9987401
2457747.4283340  0.9986582
2457747.4487660  0.9991144
2457747.4691980  0.9990770
2457747.4896300  0.9998947
2457747.5100620  1.0002222
2457747.5304950  0.9999488
2457747.5509270  1.0001565
2457747.5713590  1.0002631
2457747.5917910  1.0003218
2457747.6122240  1.0001598
2457747.6735200  0.9999533
2457747.6939520  1.0001449
2457747.7143850  1.0000000
2457747.7348170  0.9997395
2457747.7552490  1.0003905
2457747.7756810  1.0002708
2457747.7961130  0.9998984
2457747.8165460  1.0000483
2457747.8369780  0.9998922
2457747.8574100  0.9998529
2457747.8778420  1.0001016
2457747.8982740  1.0001223
2457747.9187070  1.0000339
2457747.9391390  1.0004614
2457747.9595710  1.0000165
2457747.9800030  1.0000575
2457748.0004350  1.0000794
2457748.0208680  0.9999686
2457748.0413000  0.9999742
2457748.0617320  0.9997598
2457748.0821640  1.0000058
2457748.1025960  0.9997093
2457748.1843250  1.0000162
2457748.2047570  1.0000000
2457748.2251900  1.0000000
2457748.2456220  1.0000000
2457748.2660540  1.0003299
2457748.2864860  1.0000058
2457748.3069180  1.0000000
2457748.3273500  0.9998756
2457748.3477830  1.0001411
2457748.3682150  1.0000736
2457748.3886470  1.0000873
2457748.4090790  1.0000100
2457748.4295120  0.9999289
2457748.4499440  1.0000712
2457748.4703760  0.9999549
2457748.4908080  1.0000451
2457748.5112400  0.9998202
2457748.5316720  0.9999060
2457748.5521050  0.9993893
2457748.5725370  0.9992256
2457748.5929690  0.9995179
2457748.6134010  0.9997691
2457748.6338330  0.9998242
2457748.7155620  1.0004413
2457748.7359940  1.0001062
2457748.7564260  1.0001589
2457748.7768580  1.0001695
2457748.7972910  1.0001681
2457748.8177230  1.0002836
2457748.8381550  1.0002628
2457748.8585870  0.9990591
2457748.8790190  0.9991034
2457748.8994520  0.9992749
2457748.9198840  0.9991104
2457748.9403160  0.9990260
2457748.9607480  0.9993740
2457748.9811800  1.0005233
2457749.0016120  1.0004093
2457749.0220450  1.0001399
2457749.0424770  1.0006070
2457749.0629090  1.0001715
2457749.0833410  1.0004458
2457749.1037730  1.0003687
2457749.1242050  1.0001002
2457749.1446380  1.0002761
2457749.1650700  1.0002093
2457749.1855020  1.0000306
2457749.2059340  0.9999331
2457749.2263660  1.0000991
2457749.2467980  0.9999121
2457749.2672310  1.0002775
2457749.2876630  1.0003209
2457749.3080950  1.0000146
2457749.3285270  0.9997793
2457749.3489590  1.0000009
2457749.3693910  0.9999933
2457749.3898240  1.0001162
2457749.4102560  1.0002517
2457749.4306880  0.9999910
2457749.4511200  1.0000480
2457749.4715520  1.0009238
2457749.4919840  1.0001576
2457749.5124170  0.9999444
2457749.5328490  0.9998068
2457749.5532810  0.9997397
2457749.5737130  0.9996189
2457749.5941450  0.9997805
2457749.6145770  1.0001733
2457749.6350100  1.0002477
2457749.6554420  1.0003523
2457749.6758740  0.9999668
2457749.6963060  0.9998849
2457749.7167380  1.0000192
2457749.7371700  1.0000845
2457749.7576020  0.9996813
2457749.7780350  1.0000004
2457749.7984670  0.9994599
2457749.8188990  0.9997806
2457749.8393310  1.0000036
2457749.8597630  0.9998646
2457749.8801950  0.9997317
2457749.9006270  0.9997985
2457749.9210600  0.9997509
2457749.9414920  0.9995757
2457749.9619240  0.9993730
2457749.9823560  0.9993802
2457750.0027880  0.9993718
2457750.0232200  0.9998160
2457750.0436530  1.0002834
2457750.0640850  0.9997850
2457750.1253810  0.9998718
2457750.1458130  0.9996007
2457750.1662450  0.9996824
2457750.1866770  0.9997952
2457750.2071100  1.0000514
2457750.2275420  0.9998579
2457750.2479740  0.9999017
2457750.2684060  0.9999906
2457750.2888380  1.0000555
2457750.3092700  1.0000018
2457750.3297020  1.0000618
2457750.3501350  1.0000541
2457750.3705670  0.9999960
2457750.3909990  1.0003399
2457750.4114310  1.0000263
2457750.4318630  0.9998942
2457750.4522950  0.9999588
2457750.4727270  0.9998167
2457750.4931590  0.9998836
2457750.5135920  1.0002027
2457750.5340240  0.9999126
2457750.5544560  0.9996657
2457750.5748880  0.9999263
2457750.5953200  0.9996873
2457750.6157520  1.0000523
2457750.6361840  0.9999318
2457750.6566170  0.9997055
2457750.6770490  0.9996166
2457750.6974810  0.9998444
2457750.7179130  0.9996845
2457750.7383450  0.9998732
2457750.7587770  1.0000036
2457750.7792090  0.9998843
2457750.7996410  1.0001020
2457750.8200730  1.0000000
2457750.8405060  1.0000747
2457750.8609380  1.0002961
2457750.8813700  1.0000904
2457750.9018020  0.9999873
2457750.9222340  1.0001742
2457750.9426660  1.0006182
2457750.9630980  0.9998612
2457750.9835300  0.9998384
2457751.0039630  0.9997871
2457751.0243950  0.9996278
2457751.0448270  1.0000000
2457751.1061230  1.0003272
2457751.1265550  1.0005443
2457751.1469870  1.0003995
2457751.1674200  1.0002227
2457751.1878520  0.9999780
2457751.2082840  1.0000412
2457751.2287160  1.0001336
2457751.2491480  1.0000839
2457751.2695800  1.0001155
2457751.2900120  1.0004170
2457751.3104440  1.0001516
2457751.3308760  0.9999541
2457751.3513090  1.0002103
2457751.3717410  1.0003993
2457751.3921730  1.0005078
2457751.4126050  0.9995449
2457751.4330370  0.9993323
2457751.4534690  0.9992073
2457751.4739010  0.9992196
2457751.4943330  0.9988875
2457751.5147650  0.9995826
2457751.5351970  1.0001970
2457751.5556300  1.0000915
2457751.5760620  1.0001512
2457751.5964940  1.0002199
2457751.6169260  1.0003895
2457751.6373580  1.0003727
2457751.6577900  1.0000000
2457751.6782220  1.0000760
2457751.6986540  1.0000906
2457751.7190860  0.9994298
2457751.7395190  0.9998552
2457751.7599510  0.9999305
2457751.7803830  1.0000408
2457751.8008150  0.9999892
2457751.8212470  1.0001347
2457751.8416790  1.0000614
2457751.8621110  0.9996106
2457751.8825430  1.0002500
2457751.9029750  1.0004280
2457751.9234070  1.0003433
2457751.9438400  1.0003158
2457751.9642720  1.0003331
2457751.9847040  1.0002872
2457752.0051360  1.0000948
2457752.0255680  1.0002239
2457752.0868640  0.9997000
2457752.1072960  0.9997179
2457752.1277280  0.9992258
2457752.1481610  0.9998018
2457752.1685930  0.9999204
2457752.1890250  1.0000193
2457752.2094570  1.0001413
2457752.2298890  1.0001871
2457752.2503210  1.0001893
2457752.2707530  1.0001071
2457752.3320490  0.9998375
2457752.3524810  0.9996049
2457752.3729130  0.9993321
2457752.3933460  1.0000349
2457752.4137780  1.0000447
2457752.4342100  0.9999651
2457752.4546420  0.9999553
2457752.4750740  1.0001114
2457752.4955060  1.0001006
2457752.5159380  1.0000000
2457752.5363700  0.9998020
2457752.5568020  0.9999319
2457752.5772340  1.0000147
2457752.5976660  0.9997434
2457752.6180980  0.9999280
2457752.6385300  1.0001554
2457752.6589630  1.0000058
2457752.6793950  1.0000222
2457752.6998270  1.0000737
2457752.7202590  0.9999457
2457752.7406910  1.0002100
2457752.7611230  1.0000669
2457752.7815550  1.0000345
2457752.8019870  1.0000831
2457752.8224190  1.0002716
2457752.8428510  1.0001401
2457752.8632830  1.0001472
2457752.8837150  0.9999780
2457752.9041470  1.0001838
2457752.9245790  0.9999529
2457752.9450120  0.9994661
2457752.9654440  0.9994362
2457752.9858760  0.9998722
2457753.0063080  0.9998883
2457753.0267400  1.0000637
2457753.0471720  1.0000779
2457753.0676040  0.9999180
2457753.0880360  0.9998416
2457753.1084680  1.0003342
2457753.1289000  1.0000437
2457753.1493320  1.0002861
2457753.1697640  1.0002838
2457753.1901960  1.0002491
2457753.2106280  1.0000177
2457753.2310610  0.9997436
2457753.2514930  0.9997430
2457753.3127890  1.0003055
2457753.3332210  1.0003271
2457753.3536530  1.0000809
2457753.3740850  1.0003660
2457753.3945170  1.0000479
2457753.4149490  1.0000501
2457753.4353810  0.9998334
2457753.4558130  1.0000155
2457753.4762450  0.9996979
2457753.4966770  1.0001114
2457753.5375410  1.0000050
2457753.5579730  0.9997804
2457753.5784050  1.0001383
2457753.5988380  1.0002264
2457753.6192700  1.0000238
2457753.6397020  1.0002242
2457753.6601340  1.0003005
2457753.6805660  1.0002816
2457753.7009980  1.0002716
2457753.7214300  1.0002301
2457753.7418620  1.0002220
2457753.7622940  0.9998846
2457753.7827260  1.0001457
2457753.8031580  1.0000111
2457753.8235900  0.9999970
2457753.8440220  0.9998357
2457753.8644540  0.9999678
2457753.8848860  1.0000971
2457753.9053180  1.0000968
2457753.9257500  0.9993130
2457753.9461820  0.9993668
2457753.9666140  0.9991944
2457753.9870460  0.9992757
2457754.0483430  1.0001179
2457754.0687750  1.0002916
2457754.0892070  1.0002132
2457754.1096390  1.0002855
2457754.1300710  1.0003375
2457754.1505030  1.0010239
2457754.1709350  0.9999906
2457754.1913670  1.0004110
2457754.2117990  1.0001586
2457754.2322310  1.0002590
2457754.2526630  1.0005421
2457754.2730950  1.0003530
2457754.2935270  1.0003212
2457754.3139590  1.0002758
2457754.3343910  1.0002871
2457754.3548230  1.0002953
2457754.3752550  1.0003901
2457754.3956870  1.0001543
2457754.4161190  1.0002059
2457754.4365510  1.0002345
2457754.4569830  0.9995447
2457754.4774150  0.9994836
2457754.4978420  0.9995445
2457754.5182680  0.9993801
2457754.5387000  0.9992096
2457754.5591320  0.9991300
2457754.5795640  0.9989527
2457754.5999960  0.9995767
2457754.6204280  1.0001906
2457754.6408600  0.9998845
2457754.6612920  1.0000000
2457754.6817240  0.9998728
2457754.7021560  1.0000942
2457754.7225880  0.9997963
2457754.7634520  1.0002149
2457754.7838840  0.9999636
2457754.8043160  0.9999271
2457754.8247480  0.9999432
2457754.8451800  0.9999290
2457754.8656120  0.9997900
2457754.8860440  1.0003526
2457754.9064760  1.0002577
2457754.9269080  1.0001023
2457754.9473400  0.9999559
2457754.9677720  0.9998465
2457755.0290680  0.9999770
2457755.0495000  1.0001000
2457755.0699320  0.9999334
2457755.0903650  0.9999886
2457755.1107970  1.0001004
2457755.1312290  0.9999883
2457755.1516610  1.0006878
2457755.1720930  1.0000810
2457755.1925250  1.0001457
2457755.2129570  1.0000614
2457755.2538210  1.0000654
2457755.2742530  1.0002505
2457755.2946850  1.0000921
2457755.3151170  1.0000753
2457755.3355490  1.0003479
2457755.3559810  1.0003787
2457755.3764130  1.0002189
2457755.3968450  1.0005395
2457755.4172770  1.0004015
2457755.4377090  1.0005243
2457755.4581410  1.0001373
2457755.4785730  1.0004675
2457755.4990050  1.0000209
2457755.5194370  0.9998789
2457755.5398690  1.0000632
2457755.5603010  1.0000616
2457755.5807330  1.0005860
2457755.6011650  0.9999684
2457755.6215970  1.0001172
2457755.6420290  0.9998439
2457755.6624610  1.0001180
2457755.6828930  1.0000937
2457755.7033250  1.0000632
2457755.7441890  0.9998194
2457755.7646210  1.0000261
2457755.7850530  1.0000812
2457755.8054850  1.0000998
2457755.8259170  1.0001950
2457755.8463490  1.0002676
2457755.8667810  1.0002700
2457755.8872130  1.0001090
2457755.9076450  1.0000477
2457755.9280770  1.0000906
2457755.9485090  0.9999054
2457756.0098050  1.0000758
2457756.0302370  1.0002943
2457756.0506690  1.0005692
2457756.0711010  1.0004480
2457756.0915330  1.0003054
2457756.1119650  0.9999554
2457756.1323970  1.0000371
2457756.1528290  0.9998448
2457756.1732610  0.9999110
2457756.1936930  1.0000014
2457756.2345570  0.9997891
2457756.2549890  0.9998219
2457756.2754210  0.9997647
2457756.2958530  1.0001253
2457756.3162850  1.0001263
2457756.3367170  1.0003513
2457756.3571490  1.0000106
2457756.3775810  1.0001983
2457756.3980130  0.9999892
2457756.4184450  1.0002911
2457756.4388770  1.0005088
2457756.4593090  0.9998007
2457756.4797410  1.0000406
2457756.5001730  0.9999029
2457756.5206050  1.0000417
2457756.5410370  1.0001794
2457756.5614690  0.9999514
2457756.5819010  1.0001312
2457756.6023330  0.9999865
2457756.6227650  0.9998873
2457756.6431970  1.0000257
2457756.6636280  1.0000476
2457756.6840600  1.0001950
2457756.7249240  0.9999414
2457756.7453560  1.0002103
2457756.7657880  1.0000700
2457756.7862200  1.0000666
2457756.8066520  0.9999992
2457756.8270840  1.0000008
2457756.8475160  1.0000000
2457756.8679480  1.0000544
2457756.8883800  1.0001057
2457756.9088120  1.0001046
2457756.9292440  0.9999514
2457756.9496760  0.9999945
2457756.9701080  0.9999894
2457756.9905400  0.9997472
2457757.0109720  1.0000160
2457757.0314040  1.0000716
2457757.0518360  0.9995567
2457757.0722680  0.9998863
2457757.0927000  1.0000781
2457757.1131320  0.9994982
2457757.1335640  0.9992417
2457757.1539960  0.9992912
2457757.1744280  0.9992765
2457757.2152920  0.9992668
2457757.2357240  1.0000581
2457757.2561560  1.0000724
2457757.2765880  1.0002320
2457757.2970200  1.0001763
2457757.3174520  1.0000732
2457757.3378840  0.9998428
2457757.3583160  1.0001848
2457757.3787480  1.0000071
2457757.3991800  1.0003189
2457757.4196110  1.0001008
2457757.4604750  1.0001689
2457757.4809070  1.0000020
2457757.5013390  1.0000369
2457757.5217710  0.9998722
2457757.5422030  0.9998868
2457757.5626350  1.0002291
2457757.5830670  1.0002749
2457757.6034990  1.0002493
2457757.6239310  1.0003350
2457757.6443630  1.0003138
2457757.6647950  1.0000122
2457757.6852270  0.9997685
2457757.7056590  1.0001654
2457757.7260910  0.9998521
2457757.7465230  0.9999817
2457757.7669550  0.9998161
2457757.7873870  0.9999475
2457757.8078190  0.9998612
2457757.8282510  0.9996665
2457757.8486830  0.9998647
2457757.8691150  0.9999337
2457757.8895460  0.9996627
2457757.9099780  0.9995712
2457757.9712740  1.0004643
2457757.9917060  1.0000000
2457758.0121380  0.9998780
2457758.0325700  1.0001499
2457758.0530020  1.0001169
2457758.0734340  0.9998986
2457758.0938660  0.9993221
2457758.1142980  0.9991041
2457758.1347300  0.9991684
2457758.1551620  0.9994800
2457758.2164580  1.0005046
2457758.2368900  1.0000294
2457758.2573220  1.0002281
2457758.2777540  1.0001022
2457758.2981850  1.0002876
2457758.3186170  1.0004956
2457758.3390490  1.0006061
2457758.3594810  1.0005735
2457758.3799130  1.0002978
2457758.4003450  1.0002348
2457758.4207770  0.9997659
2457758.4412090  1.0001647
2457758.4616410  0.9998547
2457758.4820730  0.9999919
2457758.5025050  0.9999808
2457758.5229370  1.0000000
2457758.5433690  1.0002206
2457758.5638010  1.0000938
2457758.5842330  1.0000265
2457758.6046650  0.9998318
2457758.6250970  1.0000961
2457758.6455290  1.0000572
2457758.6863920  1.0003143
2457758.7068240  1.0002932
2457758.7272560  0.9999515
2457758.7476880  0.9997406
2457758.7681200  1.0002266
2457758.7885520  0.9999308
2457758.8089840  0.9998864
2457758.8294160  1.0000610
2457758.8498480  1.0001219
2457758.8702800  0.9998182
2457758.8907120  0.9996926
2457758.9315760  1.0002305
2457758.9520080  1.0000000
2457758.9724390  0.9999758
2457758.9928710  0.9998663
2457759.0133030  0.9996661
2457759.0337350  1.0001943
2457759.0541670  1.0003385
2457759.0745990  1.0000000
2457759.0950310  0.9997849
2457759.1154630  1.0000000
2457759.1358950  1.0001518
2457759.1563270  0.9998570
2457759.1767590  0.9997114
2457759.1971910  1.0000000
2457759.2176220  0.9997903
2457759.2380540  1.0000000
2457759.2584860  0.9999744
2457759.2789180  0.9995662
2457759.2993500  1.0000314
2457759.3197820  0.9997401
2457759.3402140  0.9993326
2457759.3606460  0.9992888
2457759.3810780  0.9988474
2457759.4423740  1.0001049
2457759.4628060  1.0004481
2457759.4832380  1.0005233
2457759.5036690  0.9998626
2457759.5241010  1.0001037
2457759.5445330  1.0000097
2457759.5649650  1.0002517
2457759.5853970  1.0000882
2457759.6058290  1.0000616
2457759.6262610  1.0001949
2457759.6875570  1.0000000
2457759.7079890  1.0003288
2457759.7284200  1.0001497
2457759.7488520  1.0000157
2457759.7692840  0.9999268
2457759.7897160  1.0000829
2457759.8101480  0.9998824
2457759.8305800  1.0001176
2457759.8510120  1.0003964
2457759.8714440  1.0004144
2457759.9327390  0.9998912
2457759.9531710  1.0000454
2457759.9736030  1.0000434
2457759.9940350  1.0000503
2457760.0144670  1.0000040
2457760.0348990  1.0000000
2457760.0553310  1.0000584
2457760.0757630  1.0000755
2457760.0961950  1.0000000
2457760.1166270  1.0000683
2457760.1370590  1.0000000
2457760.1574910  1.0004324
2457760.1779220  1.0003331
2457760.1983540  1.0001028
2457760.2187860  0.9999247
2457760.2392180  0.9997826
2457760.2596500  0.9997835
2457760.2800820  0.9999262
2457760.3005140  0.9998785
2457760.3209460  1.0001826
2457760.3413780  1.0001582
2457760.3618100  1.0002488
2457760.4026730  0.9998710
2457760.4231050  1.0002482
2457760.4435370  1.0003543
2457760.4639690  1.0001464
2457760.4844010  0.9999664
2457760.5048330  0.9999658
2457760.5252650  1.0001599
2457760.5456970  0.9998715
2457760.5661280  1.0004119
2457760.5865600  1.0001306
2457760.6069920  1.0000031
2457760.6274240  1.0001206
2457760.6478560  1.0000000
2457760.6682880  1.0000806
2457760.6887200  0.9999878
2457760.7091520  1.0000319
2457760.7295840  0.9998367
2457760.7500160  1.0001293
2457760.7704470  1.0001450
2457760.7908790  0.9995020
2457760.8113110  1.0000152
2457760.8317430  1.0000784
2457760.8521750  1.0000775
2457760.8930390  0.9998501
2457760.9134710  0.9991776
2457760.9339030  0.9994887
2457760.9543340  1.0000359
2457760.9747660  0.9995841
2457760.9951980  0.9997972
2457761.0156300  1.0001367
2457761.0360620  1.0000824
2457761.0564940  0.9998249
2457761.0769260  0.9999425
2457761.0973580  1.0002595
2457761.1177900  0.9999515
2457761.1382210  0.9999892
2457761.1586530  1.0003388
2457761.1790850  1.0003873
2457761.1995170  1.0001727
2457761.2199490  0.9999763
2457761.2403810  1.0000060
2457761.2608130  0.9998814
2457761.2812450  1.0008044
2457761.3016760  1.0000309
2457761.3221080  0.9997606
2457761.3425400  0.9998678
2457761.3834040  0.9997748
2457761.4038360  0.9998527
2457761.4242680  1.0000289
2457761.4447000  1.0001413
2457761.4651320  1.0001836
2457761.4855630  1.0000073
2457761.5059950  0.9998783
2457761.5264270  0.9998102
2457761.5468590  0.9998349
2457761.5672910  0.9998557
2457761.5877230  1.0000873
2457761.6081550  1.0001021
2457761.6285860  0.9997460
2457761.6490180  0.9993941
2457761.6694500  0.9991175
2457761.6898820  0.9994013
2457761.7103140  0.9991264
2457761.7307460  0.9998531
2457761.7511780  0.9999578
2457761.7716100  0.9997118
2457761.7920410  0.9999186
2457761.8124730  0.9995473
2457761.8329050  0.9995354
2457761.8942010  0.9996590
2457761.9146330  0.9998427
2457761.9350640  0.9999434
2457761.9554960  1.0003137
2457761.9759280  1.0000071
2457761.9963600  0.9997670
2457762.0167920  0.9999087
2457762.0372240  0.9998861
2457762.0576560  0.9998394
2457762.0780880  0.9996025
2457762.1189510  0.9996673
2457762.1393830  1.0001077
2457762.1598150  0.9996276
2457762.1802470  0.9996266
2457762.2006790  1.0000631
2457762.2211110  0.9999591
2457762.2415420  0.9998143
2457762.2619740  0.9999933
2457762.2824060  0.9996481
2457762.3028380  0.9998918
2457762.3232700  1.0001247
2457762.3641340  0.9991002
2457762.3845650  0.9995238
2457762.4049970  0.9999293
2457762.4254290  1.0000490
2457762.4458610  0.9998917
2457762.4662930  0.9999578
2457762.4867250  0.9998781
2457762.5071570  0.9999529
2457762.5275880  1.0000000
2457762.5480200  1.0002939
2457762.5684520  1.0000085
2457762.5888840  0.9998200
2457762.6093160  0.9998508
2457762.6297480  1.0001533
2457762.6501800  0.9998934
2457762.6706110  0.9999612
2457762.6910430  1.0002481
2457762.7114750  1.0000444
2457762.7319070  0.9998059
2457762.7523390  0.9997138
2457762.7727710  0.9997527
2457762.7932030  0.9996857
2457762.8136340  0.9999970
2457762.8544980  1.0000346
2457762.8749300  1.0001063
2457762.8953620  0.9999299
2457762.9157940  0.9999757
2457762.9362250  0.9999421
2457762.9566570  0.9999843
2457762.9770890  1.0003264
2457762.9975210  0.9996614
2457763.0179530  0.9998007
2457763.0383850  0.9998203
2457763.0588160  1.0000560
2457763.0996800  1.0001278
2457763.1201120  0.9999862
2457763.1405440  1.0001342
2457763.1609760  1.0002954
2457763.1814080  0.9999597
2457763.2018390  1.0001876
2457763.2222710  0.9999871
2457763.2427030  0.9999584
2457763.2631350  1.0002002
2457763.2835670  0.9999359
2457763.3039990  0.9999302
2457763.3652940  0.9998634
2457763.3857260  1.0001569
2457763.4061580  0.9999832
2457763.4265900  1.0002621
2457763.4470210  1.0000133
2457763.4674530  0.9998894
2457763.4878850  0.9999424
2457763.5083170  1.0002349
2457763.5287490  1.0002660
2457763.5491810  1.0002733
2457763.5696120  0.9999436
2457763.5900440  1.0001145
2457763.6104760  0.9996616
2457763.6309080  0.9997254
2457763.6513400  1.0002895
2457763.6717720  0.9999882
2457763.6922030  1.0001081
2457763.7126350  0.9999272
2457763.7330670  1.0001541
2457763.7534990  1.0004068
2457763.7739310  0.9998627
2457763.7943630  0.9994465
2457763.8556580  1.0001277
2457763.8760900  0.9999203
2457763.8965220  1.0000121
2457763.9169540  0.9999828
2457763.9373850  1.0001273
2457763.9578170  1.0002141
2457763.9782490  1.0002978
2457763.9986810  0.9999617
2457764.0191130  1.0003043
2457764.0395450  1.0001579
2457764.1008400  1.0006226
2457764.1212720  1.0004705
2457764.1417040  1.0005384
2457764.1621350  0.9996538
2457764.1825670  0.9993272
2457764.2029990  0.9992557
2457764.2234310  0.9992158
2457764.2438630  0.9992128
2457764.2642950  0.9991113
2457764.2847260  0.9996408
2457764.3051580  0.9999970
2457764.3255900  0.9998418
2457764.3460220  1.0000723
2457764.3664540  0.9999216
2457764.3868860  1.0000606
2457764.4073170  0.9999619
2457764.4277490  1.0001728
2457764.4481810  1.0000524
2457764.4686130  1.0002282
2457764.4890440  0.9998333
2457764.5094760  1.0003037
2457764.5299080  0.9999761
2457764.5707720  1.0001247
2457764.5912040  1.0003056
2457764.6116350  1.0004120
2457764.6320670  0.9999564
2457764.6524990  1.0000000
2457764.6729310  1.0003007
2457764.6933630  1.0001445
2457764.7137950  0.9999452
2457764.7342260  0.9996120
2457764.7546580  0.9995431
2457764.7750900  0.9994487
2457764.8159540  0.9998109
2457764.8363850  1.0002433
2457764.8568170  1.0005151
2457764.8772490  1.0004160
2457764.8976810  1.0003412
2457764.9181130  1.0005916
2457764.9385440  1.0003867
2457764.9589760  1.0004091
2457764.9794080  1.0002781
2457764.9998400  1.0002905
2457765.0202720  1.0003506
2457765.0611350  1.0000157
2457765.0815670  1.0003094
2457765.1019990  1.0004865
2457765.1224310  1.0004657
2457765.1428620  1.0001257
2457765.1632940  1.0005528
2457765.1837260  1.0006029
2457765.2041580  1.0000921
2457765.2245900  0.9997139
2457765.2450220  0.9999079
2457765.2654530  0.9998342
2457765.2858850  1.0000376
2457765.3063170  1.0004954
2457765.3267490  1.0003788
2457765.3471810  1.0002138
2457765.3676120  1.0002521
2457765.3880440  0.9990152
2457765.4084760  0.9986649
2457765.4289080  0.9983785
2457765.4493390  0.9985610
2457765.4697710  0.9987696
2457765.4902030  0.9999373
2457765.5106350  1.0002908
2457765.5514980  1.0004885
2457765.5719300  1.0005675
2457765.5923620  0.9998068
2457765.6127940  0.9999891
2457765.6332260  1.0003196
2457765.6536570  1.0003936
2457765.6740890  0.9999456
2457765.6945210  1.0003470
2457765.7149530  0.9996647
2457765.7353850  0.9998113
2457765.7558160  0.9999934
2457765.8375440  1.0002785
2457765.8579750  0.9998891
2457765.8784070  1.0001196
2457765.8988390  1.0000725
2457765.9192710  0.9999179
2457765.9397030  1.0000000
2457765.9601340  0.9998744
2457765.9805660  1.0001116
2457766.0009980  1.0000000
2457766.0418610  1.0000186
2457766.0622930  1.0002991
2457766.0827250  1.0000123
2457766.1031570  1.0001151
2457766.1235890  0.9996092
2457766.1440200  1.0004718
2457766.1644520  1.0000000
2457766.1848840  0.9997428
2457766.2053160  1.0003073
2457766.2257470  0.9999883
2457766.2461790  1.0000000
2457766.2870430  0.9997735
2457766.3074750  0.9999912
2457766.3279060  0.9997496
2457766.3483380  0.9999980
2457766.3687700  1.0000842
2457766.3892020  0.9997704
2457766.4096340  0.9998129
2457766.4300650  0.9999116
2457766.4504970  1.0001758
2457766.4709290  1.0000009
2457766.4913610  1.0005548
2457766.5322240  1.0000000
2457766.5526560  1.0004105
2457766.5730880  1.0000798
2457766.5935200  0.9997469
2457766.6139510  0.9997941
2457766.6343830  1.0000005
2457766.6548150  1.0000754
2457766.6752470  1.0000819
2457766.6956780  0.9998463
2457766.7161100  0.9999736
2457766.7365420  0.9998758
2457766.7978370  0.9999954
2457766.8182690  1.0000174
2457766.8387010  1.0001321
2457766.8591330  0.9996785
2457766.8795640  1.0000024
2457766.8999960  0.9999371
2457766.9204280  0.9998802
2457766.9408600  0.9996296
2457766.9612920  1.0000126
2457766.9817230  0.9996799
2457767.0225870  1.0000410
2457767.0430180  1.0000629
2457767.0634500  0.9997581
2457767.0838820  1.0000801
2457767.1043140  0.9998932
2457767.1247460  1.0000718
2457767.1451770  0.9999344
2457767.1656090  1.0001995
2457767.1860410  0.9999231
2457767.2064730  1.0002022
2457767.2269040  0.9997639
2457767.2677680  1.0002604
2457767.2882000  0.9999580
2457767.3086320  1.0000000
2457767.3290630  1.0002612
2457767.3494950  0.9999931
2457767.3699270  1.0005012
2457767.3903590  0.9999786
2457767.4107900  1.0001321
2457767.4312220  0.9999927
2457767.4516540  0.9998852
2457767.4720860  1.0000185
2457767.4925170  1.0000354
2457767.5129490  0.9997856
2457767.5333810  0.9998753
2457767.5538130  1.0002959
2457767.5742440  1.0001932
2457767.5946760  1.0005514
2457767.6151080  1.0000882
2457767.6355400  0.9999767
2457767.6559710  1.0000844
2457767.6764030  1.0004646
2457767.6968350  1.0000993
2457767.7172670  0.9995165
2457767.7785620  1.0003071
2457767.7989940  1.0003261
2457767.8194250  1.0000515
2457767.8398570  1.0001690
2457767.8602890  0.9999086
2457767.8807210  1.0002810
2457767.9011530  1.0000000
2457767.9215840  1.0002225
2457767.9420160  1.0001391
2457767.9624480  0.9999214
2457768.0033110  1.0000140
2457768.0237430  1.0003730
2457768.0441750  1.0005905
2457768.0646060  0.9999658
2457768.0850380  1.0000797
2457768.1054700  1.0001670
2457768.1259020  1.0002640
2457768.1463340  1.0003810
2457768.1667650  1.0000689
2457768.1871970  1.0001195
2457768.2076290  1.0000280
2457768.2689240  1.0002050
2457768.2893560  1.0005094
2457768.3097880  1.0000869
2457768.3302190  1.0001389
2457768.3506510  1.0000879
2457768.3710830  1.0002638
2457768.3915150  1.0002011
2457768.4119460  1.0003337
2457768.4323780  1.0003681
2457768.4528100  1.0005756
2457768.4936730  0.9999263
2457768.5141050  1.0001359
2457768.5345370  1.0006784
2457768.5549690  1.0004338
2457768.5754000  1.0003207
2457768.5958320  1.0000879
2457768.6162640  0.9998852
2457768.6366950  0.9998945
2457768.6571270  1.0001878
2457768.6775590  1.0001919
2457768.6979910  0.9999335
2457768.7184220  0.9999836
2457768.7388540  1.0001336
2457768.7592860  0.9996875
2457768.7797180  0.9992256
2457768.8001490  0.9988440
2457768.8205810  0.9991542
2457768.8410130  0.9995878
2457768.8614450  0.9996854
2457768.8818760  1.0002957
2457768.9023080  1.0012206
2457768.9227400  1.0001129
2457768.9431720  1.0008086
2457768.9840350  1.0000000
2457769.0044670  1.0001557
2457769.0248980  1.0003446
2457769.0453300  1.0000095
2457769.0657620  0.9999290
2457769.0861940  0.9998462
2457769.1066250  0.9999071
2457769.1270570  1.0000579
2457769.1474890  0.9997330
2457769.1679210  0.9997723
2457769.1883520  0.9997125
2457769.2496470  1.0004521
2457769.2700790  1.0006680
2457769.2905110  1.0004675
2457769.3109430  1.0002549
2457769.3313750  0.9998933
2457769.3518060  1.0002662
2457769.3722380  1.0003981
2457769.3926700  1.0001099
2457769.4131010  0.9998948
2457769.4335330  1.0001209
2457769.4539650  0.9999905
2457769.4743970  1.0000851
2457769.4948280  0.9998450
2457769.5152600  0.9999928
2457769.5356920  1.0001080
2457769.5561230  1.0001057
2457769.5765550  0.9998788
2457769.5969870  1.0000602
2457769.6174190  0.9999998
2457769.6378500  1.0003668
2457769.6582820  0.9998376
2457769.6787140  0.9998818
2457769.7400090  0.9994542
2457769.7604410  0.9998891
2457769.7808720  0.9996815
2457769.8013040  1.0000691
2457769.8217360  1.0000615
2457769.8421680  0.9999717
2457769.8625990  1.0002183
2457769.8830310  1.0001031
2457769.9034630  1.0003182
2457769.9238950  1.0000641
2457769.9443260  1.0001373
2457769.9647580  1.0000146
2457769.9851900  1.0000121
2457770.0056210  0.9999263
2457770.0669160  1.0003364
2457770.0873480  0.9996995
2457770.1077800  1.0000451
2457770.1282120  0.9994381
2457770.1486430  0.9993968
2457770.1690750  0.9991803
2457770.1895070  0.9993606
2457770.2099380  0.9991100
2457770.2303700  0.9995220
2457770.2508020  1.0003102
2457770.2712340  1.0000000
2457770.2916650  1.0000000
2457770.3120970  1.0001806
2457770.3325290  1.0004830
2457770.3529610  1.0005420
2457770.3733920  1.0007146
2457770.3938240  1.0003477
2457770.4142560  1.0009306
2457770.4755510  1.0000350
2457770.4959830  1.0000829
2457770.5164140  1.0001784
2457770.5368460  1.0002644
2457770.5572780  1.0000021
2457770.5777090  1.0001507
2457770.5981410  0.9999539
2457770.6185730  1.0003256
2457770.6390050  1.0001356
2457770.6594360  1.0002308
2457770.7003000  1.0000100
2457770.7207310  1.0000165
2457770.7411630  1.0000398
2457770.7615950  1.0003517
2457770.7820260  0.9999577
2457770.8024580  1.0001217
2457770.8228900  1.0000189
2457770.8433220  1.0000878
2457770.8637530  0.9999438
2457770.8841850  1.0001104
2457770.9046170  1.0000505
2457770.9250480  0.9997846
2457770.9454800  0.9998712
2457770.9659120  0.9995680
2457770.9863430  1.0000247
2457771.0067750  1.0004124
2457771.0272070  0.9997960
2457771.0476390  0.9997194
2457771.0680700  1.0000649
2457771.0885020  0.9995458
2457771.1089340  0.9996919
2457771.1293650  0.9998507
2457771.1497970  0.9993293
2457771.1906610  1.0001745
2457771.2110920  1.0000756
2457771.2315240  1.0002582
2457771.2519560  1.0005928
2457771.2723870  1.0003094
2457771.2928190  1.0004027
2457771.3132510  1.0003146
2457771.3336820  0.9998734
2457771.3541140  1.0000593
2457771.3745460  0.9998923
2457771.3949770  0.9998277
2457771.4358410  0.9998448
2457771.4562730  0.9999597
2457771.4767040  0.9999607
2457771.4971360  0.9997853
2457771.5175680  1.0000156
2457771.5379990  0.9999674
2457771.5584310  1.0000737
2457771.5788630  1.0003500
2457771.5992940  1.0000644
2457771.6197260  1.0002261
2457771.6401580  1.0001072
2457771.7014530  0.9994171
2457771.7218850  0.9997144
2457771.7423160  0.9998283
2457771.7627480  0.9998749
2457771.7831800  0.9996583
2457771.8036110  0.9997966
2457771.8240430  0.9999290
2457771.8444750  1.0001856
2457771.8649060  1.0001120
2457771.8853380  0.9998128
2457771.9057700  1.0003868
2457771.9262020  1.0000624
2457771.9466330  1.0002581
2457771.9670650  1.0001879
2457771.9874970  1.0004364
2457772.0079280  1.0000022
2457772.0283600  1.0003523
2457772.0487920  1.0002389
2457772.0692230  1.0002450
2457772.0896550  1.0000800
2457772.1100870  1.0000074
2457772.1305180  0.9998336
2457772.1713820  0.9995518
2457772.1918140  0.9996826
2457772.2122450  0.9996882
2457772.2326770  0.9995240
2457772.2531090  0.9988518
2457772.2735400  0.9998005
2457772.2939720  1.0001328
2457772.3144040  0.9999350
2457772.3348350  0.9993573
2457772.3552670  0.9994459
2457772.3756990  0.9994487
2457772.3961300  0.9997744
2457772.4165620  1.0004102
2457772.4369940  1.0004922
2457772.4574250  1.0007539
2457772.4778570  1.0007297
2457772.4982890  1.0005237
2457772.5187200  1.0005718
2457772.5391520  1.0002225
2457772.5595840  1.0001258
2457772.5800150  0.9997345
2457772.6004470  0.9999566
2457772.6208790  0.9996945
2457772.6617420  1.0001134
2457772.6821740  0.9997592
2457772.7026050  0.9999986
2457772.7230370  1.0000183
2457772.7434690  1.0000677
2457772.7639010  1.0001962
2457772.7843320  1.0001683
2457772.8047640  1.0000928
2457772.8251960  1.0003135
2457772.8456270  1.0001850
2457772.8660590  0.9996228
2457772.9069220  0.9996008
2457772.9273540  0.9996704
2457772.9477860  0.9994447
2457772.9682170  0.9997627
2457772.9886490  0.9996726
2457773.0090810  0.9999781
2457773.0295120  1.0000324
2457773.0499440  0.9994734
2457773.0703760  0.9999775
2457773.0908070  1.0001049
2457773.1112390  1.0002169
2457773.1316710  1.0000952
2457773.1521020  1.0001855
2457773.1725340  1.0001570
2457773.1929660  1.0000014
2457773.2133970  0.9998277
2457773.2338290  0.9995251
2457773.2542610  0.9994874
2457773.2746920  0.9993214
2457773.2951240  0.9991376
2457773.3155560  0.9991139
2457773.3359870  0.9991028
2457773.3564190  0.9993266
2457773.4177140  0.9996165
2457773.4381460  0.9995509
2457773.4585770  0.9993835
2457773.4790090  0.9996532
2457773.4994410  0.9996038
2457773.5198720  0.9995585
2457773.5403040  0.9996082
2457773.5607360  0.9996057
2457773.5811670  0.9996673
2457773.6015990  0.9984669
2457773.6628940  0.9988985
2457773.6833260  0.9985723
2457773.7037570  0.9987816
2457773.7241890  0.9986389
2457773.7446210  0.9990842
2457773.7650520  1.0001736
2457773.7854840  0.9988931
2457773.8059160  0.9986676
2457773.8263470  0.9985539
2457773.8467790  0.9988820
2457773.8876420  0.9985473
2457773.9080740  0.9988779
2457773.9285060  0.9993084
2457773.9489370  0.9996963
2457773.9693690  0.9999023
2457773.9898010  0.9999982
2457774.0102320  0.9999854
2457774.0306640  1.0001343
2457774.0510960  1.0013562
2457774.0715270  1.0001530
2457774.0919590  1.0002005
2457774.1123910  1.0003261
2457774.1328220  0.9999069
2457774.1532540  0.9998552
2457774.1736860  1.0000585
2457774.1941170  0.9996739
2457774.2145490  0.9995925
2457774.2349810  0.9993157
2457774.2554120  0.9996160
2457774.2758440  0.9996691
2457774.2962760  0.9997260
2457774.3780020  0.9999486
2457774.3984340  0.9998515
2457774.4188650  1.0002412
2457774.4392970  0.9999642
2457774.4597290  0.9998038
2457774.4801600  1.0002996
2457774.5005920  1.0001796
2457774.5210240  0.9999922
2457774.5414550  0.9999918
2457774.5618870  1.0000681
2457774.5823190  0.9999566
2457774.6027500  0.9996860
2457774.6231820  1.0000891
2457774.6436140  0.9999885
2457774.6640450  0.9999344
2457774.6844770  0.9996609
2457774.7049090  0.9996138
2457774.7253400  0.9998480
2457774.7457720  0.9999704
2457774.7662030  0.9998969
2457774.7866350  1.0001663
2457774.8070670  0.9999110
2457774.8274980  0.9999227
2457774.8683620  1.0000417
2457774.8887930  1.0000516
2457774.9092250  1.0004801
2457774.9296570  1.0004566
2457774.9500880  1.0001634
2457774.9705200  1.0001185
2457774.9909520  1.0010347
2457775.0113830  1.0002087
2457775.0318150  0.9997369
2457775.0522470  0.9995162
2457775.0726780  0.9996410
2457775.1135420  0.9996917
2457775.1339730  0.9999516
2457775.1544050  1.0001814
2457775.1748360  0.9998463
2457775.1952680  0.9998542
2457775.2361310  0.9999252
2457775.2565630  0.9999505
2457775.2769950  1.0002787
2457775.2974260  1.0001796
2457775.3178580  1.0006142
2457775.3382900  1.0002296
2457775.3587210  1.0001660
2457775.3791530  0.9997080
2457775.3995840  0.9998259
2457775.4200160  0.9997794
2457775.4404480  1.0000040
2457775.4608790  0.9999735
2457775.4813110  1.0001777
2457775.5017430  1.0002571
2457775.5221740  1.0000049
2457775.5426060  0.9996076
2457775.5630380  0.9995023
2457775.6447640  0.9998114
2457775.6651960  0.9997753
2457775.6856270  0.9999902
2457775.7060590  1.0000058
2457775.7264910  1.0002979
2457775.7469220  0.9998147
2457775.7673540  0.9999394
2457775.7877860  1.0001801
2457775.8082170  0.9999094
2457775.8490810  1.0001678
2457775.8695120  1.0000526
2457775.8899440  0.9996180
2457775.9103760  0.9997367
2457775.9308070  0.9993056
2457775.9512390  0.9994576
2457775.9716700  0.9995551
2457775.9921020  0.9999985
2457776.0125340  0.9999152
2457776.0329650  0.9997592
2457776.0533970  0.9998957
2457776.0942600  0.9998060
2457776.1146920  0.9998427
2457776.1351230  0.9999054
2457776.1555550  0.9999291
2457776.1759870  0.9997347
2457776.1964180  0.9999551
2457776.2168500  1.0001902
2457776.2372820  1.0000000
2457776.2577130  0.9998909
2457776.2781450  0.9999147
2457776.2985760  0.9997494
2457776.3394400  0.9997889
2457776.3598710  0.9997203
2457776.3803030  1.0001656
2457776.4007350  0.9999328
2457776.4211660  0.9998054
2457776.4415980  0.9998203
2457776.4620300  1.0000072
2457776.4824610  0.9998945
2457776.5028930  1.0000000
2457776.5233240  0.9996480
2457776.5437560  0.9995580
2457776.5641880  1.0002256
2457776.5846190  0.9999801
2457776.6050510  1.0001680
2457776.6254830  0.9999953
2457776.6459140  1.0000752
2457776.6663460  1.0003552
2457776.6867770  0.9998849
2457776.7072090  0.9997361
2457776.7276410  1.0001276
2457776.7480720  1.0002612
2457776.7685040  1.0003304
2457776.7889360  1.0009001
2457776.8297990  1.0008412
2457776.8502300  1.0003922
2457776.8706620  1.0005752
2457776.8910940  1.0006686
2457776.9115250  1.0000074
2457776.9319570  0.9995000
2457776.9523880  0.9994400
2457776.9728200  0.9994174
2457776.9932520  0.9988257
2457777.0136830  0.9993442
2457777.0341150  0.9995157
2457777.0749780  1.0005101
2457777.0954100  1.0000000
2457777.1158420  1.0001447
2457777.1362730  1.0002270
2457777.1567050  1.0000000
2457777.1771360  1.0000112
2457777.1975680  1.0000046
2457777.2180000  1.0000012
2457777.2384310  0.9999829
2457777.2588630  1.0000783
2457777.2792940  1.0002486
2457777.2997260  1.0000563
2457777.3201580  1.0000173
2457777.3405890  1.0001538
2457777.3610210  0.9998260
2457777.3814530  1.0000599
2457777.4018840  1.0001660
2457777.4223160  1.0001380
2457777.4427470  1.0000545
2457777.4631790  0.9998963
2457777.4836110  1.0003338
2457777.5040420  1.0006064
2457777.5244740  1.0002141
2457777.5857690  0.9999680
2457777.6062000  0.9998242
2457777.6266320  0.9999907
2457777.6470630  1.0001660
2457777.6674950  1.0002937
2457777.6879270  0.9997847
2457777.7083580  1.0001024
2457777.7287900  0.9998559
2457777.7492220  0.9998042
2457777.7696530  0.9998000
2457777.8105160  1.0002206
2457777.8309480  0.9998923
2457777.8513800  1.0000000
2457777.8718110  1.0001274
2457777.8922430  0.9999791
2457777.9126750  0.9999706
2457777.9331060  1.0001870
2457777.9535380  1.0000000
2457777.9739690  1.0001059
2457777.9944010  1.0000458
2457778.0148330  0.9993035
2457778.0761270  1.0000201
2457778.0965590  1.0001372
2457778.1169910  1.0000239
2457778.1374220  1.0000013
2457778.1578540  1.0001274
2457778.1782850  0.9999588
2457778.1987170  0.9998688
2457778.2191490  1.0000131
2457778.2395800  1.0003239
2457778.2600120  0.9998711
2457778.2804440  1.0001293
2457778.3008750  1.0000069
2457778.3213070  0.9999120
2457778.3417380  0.9999168
2457778.3621700  1.0000259
2457778.3826020  0.9998178
2457778.4030330  0.9994602
2457778.4234650  0.9999629
2457778.4438960  0.9997640
2457778.4643280  1.0000559
2457778.4847590  1.0000928
2457778.5051910  1.0001501
2457778.5460540  0.9999738
2457778.5664860  1.0000062
2457778.5869180  0.9998411
2457778.6073490  1.0000000
2457778.6277810  1.0001808
2457778.6482120  1.0001053
2457778.6686440  1.0000564
2457778.6890760  1.0000678
2457778.7095070  1.0000189
2457778.7299390  1.0000070
2457778.7503700  0.9999707
2457778.7912340  1.0004468
2457778.8116650  1.0003342
2457778.8320970  1.0005172
2457778.8525280  1.0003467
2457778.8729600  1.0005650
2457778.8933920  1.0003292
2457778.9138230  1.0000954
2457778.9342550  1.0002334
2457778.9546860  1.0001450
2457778.9751180  0.9998265
2457778.9955500  1.0000302
2457779.0159810  1.0002896
2457779.0364130  1.0001035
2457779.0568440  1.0001490
2457779.0772760  0.9997946
2457779.0977080  0.9998613
2457779.1181390  1.0001002
2457779.1385710  1.0004644
2457779.1590020  1.0004792
2457779.1794340  1.0004292
2457779.1998660  1.0004021
2457779.2202970  1.0004007
2457779.2407290  1.0011158
2457779.2815920  1.0005634
2457779.3020240  1.0001783
2457779.3224550  1.0003481
2457779.3428870  1.0002777
2457779.3633180  1.0002870
2457779.3837500  1.0001936
2457779.4041810  1.0002833
2457779.4246130  1.0002085
2457779.4450450  0.9996446
2457779.4654760  0.9993504
2457779.4859080  0.9992418
2457779.5472030  1.0006970
2457779.5676340  1.0003357
2457779.5880660  1.0003812
2457779.6084970  1.0000827
2457779.6289290  1.0003024
2457779.6493610  1.0002293
2457779.6697920  1.0000367
2457779.6902240  0.9997604
2457779.7106550  1.0000540
2457779.7310870  0.9998188
2457779.7515190  1.0001747
2457779.7719500  1.0000784
2457779.7923820  1.0000713
2457779.8128130  1.0003186
2457779.8332450  1.0002433
2457779.8536770  0.9996085
2457779.8741080  0.9999506
2457779.8945400  1.0000741
2457779.9149710  1.0004895
2457779.9354030  1.0002254
2457779.9558350  1.0006255
2457779.9762660  1.0006558
2457780.0171290  1.0001131
2457780.0375610  1.0000461
2457780.0579920  1.0000225
2457780.0784240  0.9999548
2457780.0988560  0.9996567
2457780.1192870  0.9996890
2457780.1397190  0.9997478
2457780.1601500  0.9994414
2457780.1805820  1.0000082
2457780.2010140  0.9999427
2457780.2214450  0.9996522
2457780.2623080  1.0000547
2457780.2827400  1.0000699
2457780.3031710  0.9997344
2457780.3236030  0.9997046
2457780.3440350  0.9997017
2457780.3644660  0.9995460
2457780.3848980  0.9997934
2457780.4053290  0.9997020
2457780.4257610  0.9999655
2457780.4461930  1.0000062
2457780.4666240  1.0001292
2457780.4870560  1.0002170
2457780.5074870  0.9998942
2457780.5279190  1.0001787
2457780.5483510  0.9999877
2457780.5687820  0.9998636
2457780.5892140  0.9998635
2457780.6096450  0.9996851
2457780.6300770  0.9995443
2457780.6505080  0.9995503
2457780.6709400  0.9997511
2457780.6913720  0.9994060
2457780.7118030  0.9992191
2457780.7322350  0.9994012
2457780.7526660  0.9995192
2457780.7730980  0.9995655
2457780.7935300  0.9995143
2457780.8139610  0.9995717
2457780.8343930  0.9995848
2457781.2021610  1.0002966
2457781.2634560  1.0007111
2457781.2838870  1.0003978
2457781.3043190  1.0002458
2457781.3247510  1.0004358
2457781.3451820  1.0002324
2457781.3656140  1.0000968
2457781.3860450  0.9999240
2457781.4064770  1.0002322
2457781.4269080  1.0002196
2457781.4473400  1.0002781
2457781.5290660  1.0001307
2457781.5494980  1.0001515
2457781.5699290  1.0003890
2457781.5903610  1.0005188
2457781.6107930  1.0003432
2457781.6312240  1.0003298
2457781.6516560  1.0000415
2457781.6720870  1.0004056
2457781.6925190  1.0001551
2457781.7129500  1.0003614
2457781.7333820  1.0002793
2457781.7538140  1.0004382
2457781.7742450  1.0005386
2457781.7946770  1.0004587
2457781.8151080  1.0003333
2457781.8355400  1.0002212
2457781.8559710  1.0001493
2457781.8764030  1.0002893
2457781.8968350  0.9994304
2457781.9172660  0.9985385
2457781.9376980  0.9985998
2457781.9581290  0.9986948
2457781.9785610  0.9985198
2457781.9989920  0.9983987
2457782.0194240  0.9996991
2457782.0398560  0.9997518
2457782.0602870  0.9998160
2457782.0807190  0.9999823
2457782.1011500  0.9998767
2457782.1215820  0.9998705
2457782.1420140  0.9997003
2457782.1624450  0.9999173
2457782.1828770  1.0001695
2457782.2237400  0.9998850
2457782.2441710  1.0000416
2457782.2646030  1.0001027
2457782.2850340  1.0003364
2457782.3054660  1.0001708
2457782.3258980  1.0003203
2457782.3463290  1.0005174
2457782.3667610  1.0001103
2457782.3871920  1.0003426
2457782.4076240  1.0002397
2457782.4280550  1.0003179
2457782.4484870  0.9999832
2457782.4689190  1.0002386
2457782.4893500  1.0003099
2457782.5097820  1.0001625
2457782.5302130  1.0000975
2457782.5506450  0.9997375
2457782.5710760  1.0001100
2457782.5915080  0.9997278
2457782.6119390  1.0005893
2457782.6323710  0.9996245
2457782.6528030  0.9996994
2457782.6732340  0.9996877
2457782.6936660  0.9996112
2457782.7140970  0.9993902
2457782.7345290  0.9996440
2457782.7549600  0.9996884
2457782.7753920  0.9998820
2457782.7958240  1.0001095
2457782.8162550  1.0003432
2457782.8366870  1.0001269
2457782.8571180  1.0002462
2457782.8775500  1.0002613
2457782.8979810  0.9998871
2457782.9184130  1.0004211
2457782.9797080  0.9999804
2457783.0001390  0.9996866
2457783.0205710  0.9996285
2457783.0410020  0.9990909
2457783.0614340  0.9993044
2457783.0818650  0.9997182
2457783.1022970  1.0002058
2457783.1227290  1.0002136
2457783.1431600  1.0004868
2457783.1635920  1.0007179
2457783.2044550  1.0005285
2457783.2248860  1.0003197
2457783.2453180  1.0005029
2457783.2657490  1.0002233
2457783.2861810  1.0004304
2457783.3066130  1.0003181
2457783.3270440  1.0004456
2457783.3474760  1.0000971
2457783.3679070  1.0003064
2457783.3883390  1.0000555
2457783.4087700  1.0001693
2457783.4700650  1.0001115
2457783.4904970  1.0001214
2457783.5109280  1.0000607
2457783.5313600  0.9999975
2457783.5517910  0.9999422
2457783.5722230  1.0000806
2457783.5926540  1.0000572
2457783.6130860  1.0001388
2457783.6335180  0.9999143
2457783.6539490  1.0001419
2457783.6743810  1.0000913
2457783.6948120  0.9999111
2457783.7152440  1.0000224
2457783.7356750  1.0000634
2457783.7561070  0.9998471
2457783.7765390  0.9999052
2457783.7969700  0.9996282
2457783.8174020  1.0000143
2457783.8378330  0.9999477
2457783.8582650  1.0003922
2457783.8786960  0.9999229
2457783.8991280  1.0002921
2457783.9604220  1.0000812
2457783.9808540  1.0001696
2457784.0012860  0.9999106
2457784.0217170  1.0000116
2457784.0421490  0.9999352
2457784.0625800  1.0001182
2457784.0830120  1.0000476
2457784.1034430  1.0001694
2457784.1238750  0.9999648
2457784.1443060  1.0000600
2457784.1647380  0.9998648
2457784.1851700  0.9999231
2457784.2056010  0.9999954
2457784.2260330  0.9999099
2457784.2464640  1.0002497
2457784.2668960  1.0000645
2457784.2873270  0.9999883
2457784.3077590  0.9998780
2457784.3281910  1.0000000
2457784.3486220  0.9998577
2457784.3690540  0.9998196
2457784.3894850  1.0000032
2457784.4099170  1.0001086
2457784.4303480  1.0000182
2457784.4507800  1.0002467
2457784.4712110  0.9999765
2457784.4916430  1.0000853
2457784.5120740  0.9999557
2457784.5325060  0.9997933
2457784.5529370  0.9996143
2457784.5733690  0.9998585
2457784.5938010  0.9998326
2457784.6142320  0.9998890
2457784.6346640  0.9998661
2457784.6550950  0.9998029
2457784.6755270  1.0000604
2457784.6959580  0.9999977
2457784.7163900  0.9997873
2457784.7368210  0.9998715
2457784.7572530  0.9999552
2457784.7776850  0.9999768
2457784.7981160  1.0001398
2457784.8185480  0.9996615
2457784.8389790  0.9998753
2457784.8594110  1.0000964
2457784.8798420  1.0001395
2457784.9002740  1.0000769
2457784.9207050  0.9998613
2457784.9411370  1.0001859
2457784.9615680  1.0001028
2457784.9820000  1.0001758
2457785.0024320  1.0004335
2457785.0228630  1.0003395
2457785.0432950  1.0002993
2457785.0637260  0.9999704
2457785.0841580  0.9998292
2457785.1045890  0.9996315
2457785.1250210  1.0000345
2457785.1658840  1.0001209
2457785.1863160  0.9998885
2457785.2067470  1.0000025
2457785.2476100  0.9995749
2457785.2680420  0.9997384
2457785.2884730  0.9998243
2457785.3089050  0.9999416
2457785.3293360  0.9995734
2457785.3497680  0.9998557
2457785.3702000  0.9998864
2457785.4519260  0.9998541
2457785.4723570  0.9996442
2457785.4927890  0.9993108
2457785.5132200  0.9996221
2457785.5336520  0.9994676
2457785.5540830  0.9995209
2457785.5745150  0.9994536
2457785.5949460  0.9996091
2457785.6153780  0.9995729
2457785.6358100  0.9995719
2457785.6562410  0.9995818
2457785.6766730  0.9994988
2457785.6971040  0.9995088
2457785.7175360  0.9999415
2457785.7379670  1.0001206
2457785.7583990  0.9997024
2457785.7788300  0.9995611
2457785.7992620  0.9998460
2457785.8196930  0.9997885
2457785.8401250  0.9998584
2457785.8605560  0.9999371
2457786.0035770  0.9996865
2457786.0240090  0.9998270
2457786.0444400  0.9995565
2457786.0648720  0.9997728
2457786.0853030  0.9994293
2457786.1057350  0.9998527
2457791.3974900  0.9998786
2457791.4179220  0.9997779
2457791.4383530  0.9998621
2457791.4587850  0.9997903
2457791.4792160  0.9996601
2457791.4996480  0.9993849
2457791.5200790  0.9997373
2457791.5405110  1.0004799
2457791.5609420  0.9998876
2457791.5813740  1.0000000
2457791.6018050  1.0003136
2457791.6222370  1.0001556
2457791.6426690  1.0003814
2457791.6631000  1.0002560
2457791.6835320  1.0004851
2457791.7039630  1.0004052
2457791.7243950  1.0001021
2457791.7448260  1.0000421
2457791.7652580  0.9992378
2457791.7856890  0.9992332
2457791.8265520  0.9991038
2457791.8469840  0.9991960
2457791.8674150  0.9997753
2457791.8878470  1.0004204
2457791.9082780  1.0001299
2457791.9287100  0.9999427
2457791.9491410  1.0000271
2457791.9695730  1.0000728
2457791.9900040  0.9999250
2457792.0104360  1.0003106
2457792.0308670  1.0003424
2457792.0717300  1.0005144
2457792.0921620  1.0007464
2457792.1125930  1.0003472
2457792.1330250  1.0000958
2457792.1534560  1.0002057
2457792.1738880  1.0003650
2457792.1943190  1.0004189
2457792.2147510  1.0004852
2457792.2351820  1.0006424
2457792.2556140  1.0004216
2457792.2760460  1.0005826
2457792.2964770  1.0002743
2457792.3169090  1.0002592
2457792.3373400  1.0000289
2457792.3577720  0.9999787
2457792.3782030  0.9999019
2457792.3986350  1.0000211
2457792.4190660  0.9998791
2457792.4394980  0.9995978
2457792.4599290  1.0000949
2457792.4803610  1.0002132
2457792.5007920  0.9997555
2457792.5212240  0.9996140
2457792.5620870  1.0006251
2457792.5825180  1.0004398
2457792.6029500  1.0004361
2457792.6233810  1.0003503
2457792.6438130  1.0002641
2457792.6642440  1.0003566
2457792.6846760  1.0001716
2457792.7051070  1.0002412
2457792.7255390  0.9998916
2457792.7459700  1.0000072
2457792.7664020  0.9999954
2457792.7868330  0.9999410
2457792.8072650  1.0000093
2457792.8276960  1.0000387
2457792.8481280  0.9996084
2457792.8685590  0.9998257
2457792.8889910  0.9998032
2457792.9094230  1.0004038
2457792.9298540  1.0007404
2457792.9502860  1.0006524
2457792.9707170  1.0002926
2457792.9911490  0.9997613
2457793.0115800  0.9996968
2457793.0524430  1.0000000
2457793.0728750  0.9999746
2457793.0933060  0.9999364
2457793.1137380  0.9998955
2457793.1341690  0.9998976
2457793.1546010  1.0000464
2457793.1750320  0.9995356
2457793.1954640  1.0000000
2457793.2158950  1.0002389
2457793.2363270  1.0000045
2457793.2567580  0.9997779
2457793.3180530  1.0003868
2457793.3384840  1.0001942
2457793.3589160  1.0002757
2457793.3793470  0.9999757
2457793.3997790  0.9996751
2457793.4202100  0.9996092
2457793.4406420  1.0001758
2457793.4610730  0.9997162
2457793.4815050  0.9998096
2457793.5019360  0.9997681
2457793.5427990  1.0004580
2457793.5632310  1.0005318
2457793.5836620  1.0005057
2457793.6040940  1.0002464
2457793.6245250  1.0001291
2457793.6449570  0.9999989
2457793.6653890  1.0000205
2457793.6858200  0.9990819
2457793.7062520  0.9989897
2457793.7266830  0.9991817
2457793.7471150  0.9991823
2457793.7675460  0.9994535
2457793.7879780  1.0000000
2457793.8084090  1.0001555
2457793.8288410  0.9998853
2457793.8492720  1.0002325
2457793.8697040  1.0000525
2457793.8901350  1.0000088
2457793.9105670  1.0000000
2457793.9309980  1.0000843
2457793.9514300  1.0002340
2457793.9718610  1.0005286
2457793.9922930  1.0007522
2457794.0331560  0.9999466
2457794.0535870  1.0001387
2457794.0740190  1.0002673
2457794.0944500  1.0002325
2457794.1148820  0.9998439
2457794.1353130  0.9997719
2457794.1557450  1.0000872
2457794.1761760  0.9998995
2457794.1966080  0.9999970
2457794.2170390  1.0002489
2457794.2374710  1.0000023
2457794.2783340  1.0003455
2457794.2987650  1.0003979
2457794.3191970  0.9998893
2457794.3396290  0.9999973
2457794.3600600  0.9997390
2457794.3804920  1.0001103
2457794.4009230  0.9997979
2457794.4213540  0.9998358
2457794.4417860  0.9999790
2457794.4622180  0.9999224
2457794.4826490  0.9998703
2457794.5235120  1.0000280
2457794.5439440  1.0001694
2457794.5643750  1.0001227
2457794.5848070  1.0015963
2457794.6052380  0.9998616
2457794.6256700  0.9998110
2457794.6461010  0.9998439
2457794.6665330  0.9995932
2457794.6869640  0.9997714
2457794.7073960  1.0000670
2457794.7278270  0.9996508
2457794.7686900  1.0000000
2457794.7891220  1.0003438
2457794.8095530  1.0003283
2457794.8299850  1.0003483
2457794.8504160  0.9999823
2457794.8708480  0.9999102
2457794.8912790  1.0001548
2457794.9117110  1.0002580
2457794.9321420  0.9998113
2457794.9525740  0.9998931
2457794.9730050  0.9999520
2457794.9934370  0.9998503
2457795.0138680  0.9999948
2457795.0343000  1.0001426
2457795.0547320  0.9996101
2457795.0751630  0.9997405
2457795.0955940  1.0000505
2457795.1160260  0.9999517
2457795.1364580  1.0001550
2457795.1568890  1.0003879
2457795.1773210  0.9997294
2457795.1977520  0.9995971
2457795.2181840  0.9999465
2457795.2794780  1.0000536
2457795.2999100  1.0000810
2457795.3203410  1.0002381
2457795.3407730  0.9997069
2457795.3612040  0.9999904
2457795.3816360  1.0000096
2457795.4020670  1.0000000
2457795.4224990  0.9996177
2457795.4429300  0.9996311
2457795.4633620  0.9998406
2457795.5042250  1.0001205
2457795.5246560  1.0000755
2457795.5450880  1.0000151
2457795.5655190  1.0004558
2457795.5859510  0.9998422
2457795.6063820  1.0008182
2457795.6268140  0.9998095
2457795.6472450  1.0000938
2457795.6676770  1.0001668
2457795.6881080  1.0001231
2457795.7085400  0.9997512
2457795.7494030  1.0004125
2457795.7698340  0.9999968
2457795.7902660  1.0000605
2457795.8106970  1.0000912
2457795.8311290  1.0000131
2457795.8515610  1.0001914
2457795.8719920  0.9997879
2457795.8924240  0.9998822
2457795.9128550  0.9999894
2457795.9332870  1.0000549
2457795.9537180  0.9998358
2457795.9945810  1.0000796
2457796.0150130  0.9996215
2457796.0354440  1.0000331
2457796.0558760  1.0001349
2457796.0763070  1.0000000
2457796.0967390  0.9998400
2457796.1171700  0.9997899
2457796.1376020  0.9999730
2457796.1580330  0.9998784
2457796.1784650  0.9999877
2457796.1988960  0.9997488
2457796.2397590  1.0006842
2457796.2601910  1.0005694
2457796.2806220  1.0003121
2457796.3010540  1.0001394
2457796.3214850  0.9998785
2457796.3419170  1.0001303
2457796.3623480  1.0002019
2457796.3827800  0.9998549
2457796.4032110  1.0000426
2457796.4236430  0.9999169
2457796.4440740  0.9997187
2457796.4645060  0.9999115
2457796.4849370  0.9998482
2457796.5053690  1.0000401
2457796.5258000  0.9998095
2457796.5462320  0.9997983
2457796.5666630  0.9995851
2457796.5870950  0.9996903
2457796.6075270  0.9998612
2457796.6279580  1.0002426
2457796.6483900  1.0001398
2457796.6688210  0.9994338
2457796.6892530  1.0000008
2457796.7301160  1.0001734
2457796.7505470  0.9996321
2457796.7709790  1.0001765
2457796.7914100  0.9999709
2457796.8118420  0.9999281
2457796.8322730  0.9996145
2457796.8527050  0.9993789
2457796.8731360  0.9994381
2457796.8935680  0.9995942
2457796.9139990  1.0000561
2457796.9344310  1.0002750
2457796.9752940  1.0000673
2457796.9957250  1.0000658
2457797.0161570  1.0001150
2457797.0365880  0.9997047
2457797.0570200  0.9994526
2457797.0774510  0.9997218
2457797.0978830  1.0004844
2457797.1183140  1.0000743
2457797.1387460  1.0000569
2457797.1591770  0.9992456
2457797.1796090  0.9990552
2457797.2409030  0.9991406
2457797.2613350  0.9994536
2457797.2817660  0.9994900
2457797.3021980  0.9997167
2457797.3226290  0.9998785
2457797.3430610  1.0002819
2457797.3634920  1.0001781
2457797.3839240  1.0000756
2457797.4043560  1.0000153
2457797.4247870  1.0001162
2457797.4452190  0.9999212
2457797.4656500  0.9999257
2457797.4860820  1.0001847
2457797.5065130  1.0000971
2457797.5269450  1.0000362
2457797.5473760  0.9999894
2457797.5678080  1.0000595
2457797.5882390  1.0002196
2457797.6086710  0.9998718
2457797.6291020  1.0000461
2457797.6495340  0.9998369
2457797.6699650  0.9998608
2457797.7108280  1.0003099
2457797.7312600  0.9998668
2457797.7516910  0.9999177
2457797.7721230  0.9999469
2457797.7925540  1.0000114
2457797.8129860  0.9998755
2457797.8334170  0.9999785
2457797.8538490  0.9998403
2457797.8742800  0.9998601
2457797.8947120  0.9997078
2457797.9151430  0.9997327
2457797.9560070  1.0001099
2457797.9764380  1.0000096
2457797.9968690  1.0000084
2457798.0173010  0.9997818
2457798.0377330  0.9998710
2457798.0581640  0.9997291
2457798.0785960  1.0001643
2457798.0990270  0.9997769
2457798.1194590  1.0000709
2457798.1398900  0.9995661
2457798.1603220  0.9997791
2457798.2011850  0.9999801
2457798.2216160  1.0000067
2457798.2420480  0.9999986
2457798.2624790  1.0001122
2457798.2829110  0.9998046
2457798.3033420  1.0000355
2457798.3237740  0.9996036
2457798.3442050  0.9999428
2457798.3646370  0.9999073
2457798.3850680  0.9998302
2457798.4055000  0.9994736
2457798.4463630  0.9988182
2457798.4667940  0.9985944
2457798.4872260  0.9989432
2457798.5076570  0.9988680
2457798.5280890  0.9996048
2457798.5485200  1.0002120
2457798.5689520  1.0001164
2457798.5893830  1.0000000
2457798.6098150  1.0000190
2457798.6302470  1.0001038
2457798.6506780  0.9997162
2457798.6915410  1.0009273
2457798.7119730  1.0004030
2457798.7324040  1.0002260
2457798.7528360  1.0000000
2457798.7732670  1.0000396
2457798.7936990  1.0000721
2457798.8141300  1.0000601
2457798.8345620  1.0000174
2457798.8549930  0.9999429
2457798.8754250  0.9996823
2457798.8958560  0.9999399
2457798.9367190  1.0002209
2457798.9571510  1.0001785
2457798.9775820  1.0004547
2457798.9980140  1.0000678
2457799.0184450  1.0000000
2457799.0388770  0.9999083
2457799.0593080  1.0000146
2457799.0797400  0.9999239
2457799.1001710  0.9999937
2457799.1206030  1.0002162
2457799.1410350  0.9998498
2457799.2023290  0.9993681
2457799.2227600  0.9994865
2457799.2431920  0.9999460
2457799.2636240  1.0001816
2457799.2840550  1.0000217
2457799.3044870  1.0001296
2457799.3249180  0.9998510
2457799.3453500  0.9995927
2457799.3657810  0.9997985
2457799.3862130  0.9998126
2457799.4475070  1.0002712
2457799.4679390  1.0002147
2457799.4883700  0.9998296
2457799.5088020  0.9996456
2457799.5292330  0.9998778
2457799.5496650  1.0000651
2457799.5700960  0.9996922
2457799.5905280  0.9999137
2457799.6109590  0.9998960
2457799.6313910  1.0002476
2457799.6722540  1.0000419
2457799.6926850  0.9998011
2457799.7131170  0.9998918
2457799.7335480  1.0000515
2457799.7539800  0.9998877
2457799.7744120  0.9999065
2457799.7948430  0.9999699
2457799.8152750  1.0002884
2457799.8357060  0.9994847
2457799.8561380  0.9998365
2457799.8765690  0.9998586
2457799.9174320  1.0001975
2457799.9378640  1.0004712
2457799.9582950  1.0001469
2457799.9787270  0.9999490
2457799.9991580  0.9998692
2457800.0195900  0.9997663
2457800.0400210  1.0000553
2457800.0604530  0.9999786
2457800.0808840  0.9999242
2457800.1013160  1.0000809
2457800.1217470  0.9996876
2457800.1421790  0.9999603
2457800.1626100  0.9999548
2457800.1830420  0.9996979
2457800.2034730  1.0002089
2457800.2239050  1.0000942
2457800.2443360  0.9997125
2457800.2647680  1.0000838
2457800.2852000  0.9997241
2457800.3056310  1.0000983
2457800.3260630  1.0001370
2457800.3464940  0.9999680
2457800.3669260  1.0000198
2457800.4077890  1.0001555
2457800.4282200  1.0002595
2457800.4486520  1.0001302
2457800.4690830  0.9998978
2457800.4895150  1.0000574
2457800.5099460  1.0000267
2457800.5303780  1.0001715
2457800.5508090  1.0003955
2457800.5712410  0.9995811
2457800.5916720  1.0001214
2457800.6121040  1.0005080
2457800.6529670  1.0002499
2457800.6733990  1.0000394
2457800.6938300  1.0000902
2457800.7142610  1.0003080
2457800.7346930  1.0002375
2457800.7551250  1.0002554
2457800.7755560  0.9999536
2457800.7959880  1.0000236
2457800.8164190  0.9994824
2457800.8368510  0.9994321
2457800.8572820  0.9996527
2457800.8981450  1.0004483
2457800.9185770  1.0000000
2457800.9390080  1.0000000
2457800.9594400  1.0000750
2457800.9798710  1.0000218
2457801.0003030  1.0001507
2457801.0207340  1.0000070
2457801.0411660  1.0003978
2457801.0615980  1.0001388
2457801.0820290  1.0001646
2457801.1024600  0.9999224
2457801.1637550  1.0001762
2457801.1841870  1.0000219
2457801.2046180  0.9999264
2457801.2250500  1.0001546
2457801.2454810  0.9996176
2457801.2659130  0.9999624
2457801.2863440  0.9998142
2457801.3067760  1.0000661
2457801.3272070  0.9997114
2457801.3476390  1.0000655
2457801.4089330  1.0002186
2457801.4293650  1.0003248
2457801.4497960  1.0001065
2457801.4702280  0.9998737
2457801.4906590  0.9998898
2457801.5110910  0.9997160
2457801.5315220  0.9995656
2457801.5519540  0.9998053
2457801.5723860  0.9995790
2457801.5928170  0.9997055
2457801.6132490  0.9996627
2457801.6336800  1.0000000
2457801.6541120  0.9999532
2457801.6745430  0.9997763
2457801.6949750  1.0000000
2457801.7154060  0.9999983
2457801.7358380  0.9999843
2457801.7562690  0.9999580
2457801.7767010  1.0000406
2457801.7971320  1.0000020
2457801.8175640  0.9999846
2457801.8379950  0.9999666
2457801.8788580  0.9999877
2457801.8992900  0.9997774
2457801.9197220  0.9999032
2457801.9401530  0.9998425
2457801.9605850  1.0000732
2457801.9810160  0.9999268
2457802.0014480  1.0000612
2457802.0218790  0.9997523
2457802.0423110  1.0001388
2457802.0627420  1.0002419
2457802.0831740  1.0001522
2457802.1240370  1.0001156
2457802.1444680  1.0001889
2457802.1649000  0.9998749
2457802.1853310  1.0000364
2457802.2057630  1.0000564
2457802.2261940  0.9998660
2457802.2466260  1.0003375
2457802.2670580  1.0001244
2457802.2874890  1.0000959
2457802.3079210  1.0003715
2457802.3283520  1.0003634
2457802.3487840  1.0002636
2457802.3692150  1.0006207
2457802.3896470  1.0007202
2457802.4100780  1.0006205
2457802.4305100  1.0001200
2457802.4509410  0.9991614
2457802.4713730  0.9994953
2457802.4918040  0.9995831
2457802.5122360  0.9992194
2457802.5326670  0.9996751
2457802.5530990  1.0000499
2457802.5735300  0.9997903
2457802.6143940  0.9996785
2457802.6348250  0.9997319
2457802.6552570  0.9995892
2457802.6756880  1.0003403
2457802.6961200  1.0001409
2457802.7165510  1.0005325
2457802.7369830  1.0002346
2457802.7574140  0.9999499
2457802.7778460  0.9997807
2457802.7982770  0.9999470
2457802.8187090  1.0000618
2457802.8595720  0.9996117
2457802.8800040  1.0000147
2457802.9004350  1.0001345
2457802.9208660  1.0000053
2457802.9412980  0.9998365
2457802.9617300  0.9999831
2457802.9821610  1.0001715
2457803.0025930  1.0000683
2457803.0230240  0.9999746
2457803.0434560  1.0000465
2457803.0638870  0.9998596
2457803.1251820  1.0000000
2457803.1456130  1.0001127
2457803.1660450  1.0000000
2457803.1864760  0.9998540
2457803.2069080  0.9997079
2457803.2273400  0.9998343
2457803.2477710  1.0000108
2457803.2682030  0.9999880
2457803.2886340  1.0000000
2457803.3090660  1.0005301
2457803.3294970  1.0002079
2457803.3499290  0.9999686
2457803.3703600  0.9997798
2457803.3907920  1.0002780
2457803.4112230  1.0000711
2457803.4316550  1.0000065
2457803.4520860  0.9995701
2457803.4725180  0.9997454
2457803.4929500  0.9999470
2457803.5133810  1.0000121
2457803.5338130  0.9996127
2457803.5542440  0.9999881
2457803.5951070  1.0001199
2457803.6155390  1.0003547
2457803.6359700  0.9999980
2457803.6564020  0.9999842
2457803.6768330  1.0000497
2457803.6972650  1.0001046
2457803.7176960  0.9998506
2457803.7381280  0.9997793
2457803.7585590  1.0004858
2457803.7789910  1.0003793
2457803.7994230  1.0003276
2457803.8402860  1.0001807
2457803.8607170  1.0000169
2457803.8811490  0.9997822
2457803.9015800  0.9994457
2457803.9220120  0.9997464
2457803.9424430  0.9998012
2457803.9628750  1.0000697
2457803.9833060  1.0001696
2457804.0037380  1.0000204
2457804.0241690  1.0004130
2457804.0446010  1.0002474
2457804.0650330  0.9999687
2457804.0854640  1.0000060
2457804.1058960  1.0001402
2457804.1263270  1.0003642
2457804.1467590  1.0003764
2457804.1671900  1.0001655
2457804.1876220  1.0003002
2457804.2080530  1.0000115
2457804.2284850  0.9999885
2457804.2489160  1.0002990
2457804.2693480  1.0002894
2457804.2897800  1.0006858
2457804.3306420  0.9999481
2457804.3510740  1.0001413
2457804.3715060  0.9994065
2457804.3919370  0.9995431
2457804.4123690  0.9989448
2457804.4328000  0.9992033
2457804.4532320  0.9998952
2457804.4736630  1.0000000
2457804.4940950  1.0003491
2457804.5145270  1.0000000
2457804.5349580  0.9998350
2457804.5758210  1.0004294
2457804.5962530  0.9999397
2457804.6166840  1.0000806
2457804.6371160  1.0000068
2457804.6575470  1.0002217
2457804.6779790  1.0000029
2457804.6984100  1.0002351
2457804.7188420  0.9998598
2457804.7392730  1.0000577
2457804.7597050  1.0003399
2457804.7801370  1.0001864
2457804.8210000  0.9996331
2457804.8414310  0.9997426
2457804.8618630  0.9999509
2457804.8822940  1.0000913
2457804.9027260  1.0001243
2457804.9231570  1.0001207
2457804.9435890  0.9999137
2457804.9640200  1.0001524
2457804.9844520  1.0001664
2457805.0048830  0.9999732
2457805.0253150  1.0002768
2457805.1070410  1.0000000
2457805.1274730  0.9998510
2457805.1479040  1.0000071
2457805.1683360  0.9999057
2457805.1887670  1.0000435
2457805.2091990  1.0001043
2457805.2296300  0.9999133
2457805.2500620  1.0002619
2457805.2704940  0.9999365
2457805.2909250  1.0002302
2457805.3113570  1.0000507
2457805.3317880  0.9998920
2457805.3522200  1.0000414
2457805.3726510  1.0000782
2457805.3930830  1.0004621
2457805.4135140  1.0001386
2457805.4339460  1.0001928
2457805.4543770  1.0001242
2457805.4748090  0.9997972
2457805.4952410  1.0001743
2457805.5156720  0.9999406
2457805.5565350  1.0001772
2457805.5769670  1.0002103
2457805.5973980  1.0001582
2457805.6178300  0.9999742
2457805.6382610  1.0003797
2457805.6586930  0.9997635
2457805.6791240  1.0002203
2457805.6995560  1.0004349
2457805.7199880  1.0002349
2457805.7404190  1.0005990
2457805.7608510  0.9999790
2457805.8017140  1.0000333
2457805.8221450  1.0000672
2457805.8425770  1.0001518
2457805.8630090  1.0000953
2457805.8834400  1.0001912
2457805.9038720  1.0000291
2457805.9243030  0.9998906
2457805.9447350  0.9998091
2457805.9651660  0.9999793
2457805.9855980  0.9996475
2457806.0060290  0.9999948
2457806.0673240  1.0003338
2457806.0877560  1.0002389
2457806.1081870  1.0002746
2457806.1286190  1.0001825
2457806.1490500  1.0001746
2457806.1694820  0.9999498
2457806.1899130  1.0001288
2457806.2103450  0.9999531
2457806.2307760  0.9998729
2457806.2512080  0.9997947
2457806.2716400  0.9995678
2457806.2920710  0.9998942
2457806.3125030  0.9999383
2457806.3329340  1.0002482
2457806.3533660  1.0001102
2457806.3737970  1.0000950
2457806.3942290  1.0003570
2457806.4146600  1.0001866
2457806.4350920  1.0001643
2457806.4555230  1.0002096
2457806.4759550  0.9997650
2457806.4963870  1.0002299
2457806.5576810  0.9997287
2457806.5781130  1.0002785
2457806.5985440  0.9999799
2457806.6189760  1.0001297
2457806.6394080  1.0007705
2457806.6598390  1.0002643
2457806.6802710  0.9997868
2457806.7007020  0.9988394
2457806.7211340  0.9985897
2457806.7415650  0.9986833
2457806.7619970  0.9989503
2457806.7824280  0.9990161
2457806.8028600  1.0000501
2457806.8232920  0.9996471
2457806.8437230  0.9999465
2457806.8641550  0.9996964
2457806.8845860  1.0002871
2457806.9050180  1.0004051
2457806.9254490  1.0000868
2457806.9458810  0.9997989
2457806.9663120  1.0002255
2457806.9867440  1.0003332
2457807.0480390  1.0002266
2457807.0684700  1.0002513
2457807.0889020  1.0003485
2457807.1093330  1.0001621
2457807.1297650  1.0003098
2457807.1501970  1.0000435
2457807.1706280  1.0000161
2457807.1910600  1.0002834
2457807.2114910  1.0005420
2457807.2319230  1.0005040
2457807.2727860  1.0000675
2457807.2932170  0.9999934
2457807.3136490  1.0001395
2457807.3340810  1.0002981
2457807.3545120  1.0000037
2457807.3749440  0.9997219
2457807.3953750  1.0002846
2457807.4158070  1.0000197
2457807.4362380  1.0003128
2457807.4566700  1.0003619
2457807.4771010  1.0001795
2457807.4975330  0.9997131
2457807.5179650  1.0000208
2457807.5383960  1.0004768
2457807.5588280  1.0002816
2457807.5792590  1.0000980
2457807.5996910  1.0003067
2457807.6201220  0.9998360
2457807.6405540  1.0001431
2457807.6609860  1.0001159
2457807.6814170  0.9999831
2457807.7018490  1.0003860
2457807.7222800  1.0002296
2457807.7631430  1.0001103
2457807.7835750  1.0000169
2457807.8040060  1.0002184
2457807.8244380  1.0000772
2457807.8448700  0.9999183
2457807.8653010  1.0000180
2457807.8857330  0.9999901
2457807.9061640  0.9998934
2457807.9265960  0.9994862
2457807.9470280  0.9994433
2457807.9674590  0.9989193
2457808.0287540  0.9991717
2457808.0491850  0.9993142
2457808.0696170  0.9996789
2457808.0900480  1.0002156
2457808.1104800  1.0003233
2457808.1309120  0.9999872
2457808.1513430  1.0002561
2457808.1717750  1.0001899
2457808.1922060  1.0004439
2457808.2126380  1.0002077
2457808.2535010  0.9998234
2457808.2739330  1.0000387
2457808.2943640  1.0004259
2457808.3147960  1.0002871
2457808.3352270  0.9999328
2457808.3556590  0.9999918
2457808.3760900  0.9999625
2457808.3965220  1.0002614
2457808.4169530  1.0000698
2457808.4373850  1.0000810
2457808.4578170  1.0002405
2457808.5191110  1.0001536
2457808.5395430  1.0002491
2457808.5599750  1.0002018
2457808.5804060  0.9998936
2457808.6008380  0.9995625
2457808.6212690  0.9995599
2457808.6417010  0.9999535
2457808.6621320  0.9998968
2457808.6825640  1.0000124
2457808.7029960  0.9999565
2457808.7234270  1.0000805
2457808.7438590  1.0001366
2457808.7642900  0.9999859
2457808.7847220  1.0005760
2457808.8051530  1.0001195
2457808.8255850  1.0003152
2457808.8460170  0.9999936
2457808.8664480  1.0001209
2457808.8868800  1.0001967
2457808.9073110  1.0000000
2457808.9277430  0.9997547
2457808.9481750  0.9999000
2457809.0094690  1.0002077
2457809.0299010  1.0002556
2457809.0503320  1.0000068
2457809.0707640  0.9999677
2457809.0911950  0.9999593
2457809.1116270  1.0001016
2457809.1320590  1.0002117
2457809.1524900  1.0000183
2457809.1729220  1.0001331
2457809.1933530  0.9999957
2457809.2342170  1.0000096
2457809.2546480  1.0001150
2457809.2750800  0.9999444
2457809.2955110  0.9999298
2457809.3159430  0.9997691
2457809.3363740  1.0000494
2457809.3568060  0.9996954
2457809.3772380  1.0001565
2457809.3976690  1.0002446
2457809.4181010  1.0000078
2457809.4385320  1.0002535
2457809.4589640  0.9998720
2457809.4793950  1.0000000
2457809.4998270  1.0000373
2457809.5202590  1.0000146
2457809.5406900  1.0000068
2457809.5611220  0.9999218
2457809.5815530  0.9999290
2457809.6019850  1.0000669
2457809.6224170  0.9997492
2457809.6428480  0.9997016
2457809.6632800  0.9999588
2457809.6837110  0.9998740
2457809.7450060  1.0002171
2457809.7654380  0.9999429
2457809.7858690  0.9997755
2457809.8063010  0.9997554
2457809.8267320  0.9998774
2457809.8471640  1.0002446
2457809.8675960  1.0004823
2457809.8880270  1.0000000
2457809.9084590  0.9999800
2457809.9288900  0.9999462
2457809.9493220  0.9972714
2457809.9901850  1.0000470
2457810.0106170  0.9999662
2457810.0310480  1.0000049
2457810.0514800  0.9998210
2457810.0719110  1.0000406
2457810.0923430  0.9999674
2457810.1127740  0.9998199
2457810.1332060  0.9998560
2457810.1536380  0.9997671
2457810.1740690  1.0002057
2457810.2149320  1.0000000
2457810.2353640  0.9998593
2457810.2557960  0.9998903
2457810.2762270  0.9997140
2457810.2966590  1.0000394
2457810.3170900  1.0001097
2457810.3375220  1.0006268
2457810.3579540  1.0000000
2457810.3783850  1.0000931
2457810.3988170  0.9999752
2457810.4192480  0.9999679
2457810.4805430  0.9998545
2457810.5009750  1.0002089
2457810.5214060  1.0000527
2457810.5418380  1.0001686
2457810.5622690  0.9999169
2457810.5827010  1.0000342
2457810.6031330  0.9999915
2457810.6235640  1.0000428
2457810.6439960  1.0003183
2457810.6644270  1.0000236
2457810.7052910  1.0001251
2457810.7257220  1.0003481
2457810.7461540  1.0000332
2457810.7665850  0.9999576
2457810.7870170  1.0000153
2457810.8074490  1.0000519
2457810.8278800  0.9998005
2457810.8483120  0.9999350
2457810.8687430  1.0001037
2457810.8891750  1.0002266
2457810.9096070  1.0002132
2457810.9913330  0.9994471
2457811.0117650  0.9997372
2457811.0321960  0.9996973
2457811.0526280  1.0000557
2457811.0730590  0.9999803
2457811.0934910  1.0002567
2457811.1139230  1.0003457
2457811.1343540  1.0002808
2457811.1547860  1.0003383
2457811.1752170  1.0002614
2457811.1956490  0.9997084
2457811.2160800  1.0003592
2457811.2365120  1.0001091
2457811.2569440  1.0000000
2457811.2773750  1.0002368
2457811.2978070  0.9999451
2457811.3182390  1.0001988
2457811.3386700  1.0001010
2457811.3591020  0.9997688
2457811.3795330  0.9999929
2457811.3999650  1.0001732
2457811.4408280  1.0002313
2457811.4612600  0.9998629
2457811.4816910  0.9995060
2457811.5021230  0.9995149
2457811.5225540  0.9989667
2457811.5429860  0.9994822
2457811.5634180  0.9997017
2457811.5838490  1.0002202
2457811.6042810  0.9999720
2457811.6247120  1.0002603
2457811.6451440  1.0004986
2457811.6860070  1.0001575
2457811.7064390  1.0002229
2457811.7268700  1.0000293
2457811.7473020  1.0001499
2457811.7677340  0.9999442
2457811.7881650  1.0003830
2457811.8085970  1.0000695
2457811.8290290  0.9998854
2457811.8494600  1.0002426
2457811.8698920  1.0002653
2457811.8903230  1.0000608
2457811.9516180  1.0001649
2457811.9720500  1.0000308
2457811.9924810  0.9999379
2457812.0129130  0.9998868
2457812.0333450  0.9999388
2457812.0537760  0.9998716
2457812.0742080  1.0000530
2457812.0946390  1.0000988
2457812.1150710  0.9999650
2457812.1355030  1.0001223
2457812.1559340  1.0000530
2457812.1763660  1.0002655
2457812.1967970  1.0000039
2457812.2172290  0.9998061
2457812.2376610  0.9997830
2457812.2580920  0.9996367
2457812.2785240  1.0002062
2457812.2989550  0.9999780
2457812.3193870  0.9999807
2457812.3398190  0.9999645
2457812.3602500  0.9998670
2457812.3806820  0.9999592
2457812.4215450  0.9997852
2457812.4419770  1.0001098
2457812.4624080  0.9998337
2457812.4828400  0.9996713
2457812.5032720  0.9999424
2457812.5237030  0.9998327
2457812.5441350  0.9996718
2457812.5645660  0.9999611
2457812.5849980  0.9999080
2457812.6054300  0.9997885
2457812.6258610  0.9993002
2457812.6871560  0.9998827
2457812.7075880  1.0000796
2457812.7280190  1.0002487
2457812.7484510  0.9997816
2457812.7688830  0.9998891
2457812.7893140  0.9999191
2457812.8097460  0.9999020
2457812.8301770  1.0000197
2457812.8506090  1.0002482
2457812.8710410  1.0002594
2457812.9323360  1.0003837
2457812.9527670  1.0001791
2457812.9731990  1.0001339
2457812.9936300  1.0001298
2457813.0140620  1.0000053
2457813.0344930  1.0002190
2457813.0549250  1.0002852
2457813.0753570  1.0000095
2457813.0957880  1.0002056
2457813.1162200  0.9999873
2457813.1366520  1.0000880
2457813.1570830  1.0001922
2457813.1775150  1.0000000
2457813.1979460  0.9999712
2457813.2183780  0.9998811
2457813.2388100  1.0001561
2457813.2592410  0.9999927
2457813.2796730  0.9999287
2457813.3001050  0.9994438
2457813.3205360  0.9996561
2457813.3409680  0.9995104
2457813.3613990  0.9996399
2457813.4022630  0.9993712
2457813.4226940  0.9990686
2457813.4431260  0.9993108
2457813.4635580  0.9992815
2457813.4839890  0.9998707
2457813.5044210  1.0002375
2457813.5248520  1.0002137
2457813.5452840  1.0000837
2457813.5657160  0.9998346
2457813.6065790  1.0000082
2457813.6474420  1.0000959
2457813.6678740  1.0000000
2457813.6883050  1.0000060
2457813.7087370  1.0001782
2457813.7291690  1.0000000
2457813.7496000  1.0004815
2457813.7700320  1.0003093
2457813.7904630  1.0004249
2457813.8108950  1.0000267
2457813.8313270  0.9999773
2457813.8517580  1.0001478
2457813.8926220  1.0000977
2457813.9130530  1.0001531
2457813.9334850  1.0000450
2457813.9539170  1.0000000
2457813.9743480  1.0001186
2457813.9947800  1.0000944
2457814.0152110  1.0004290
2457814.0356430  1.0002784
2457814.0560750  0.9996970
2457814.0765060  1.0002475
2457814.0969380  1.0000712
2457814.1378010  1.0002254
2457814.1582330  1.0001589
2457814.1786650  1.0003507
2457814.1990960  1.0000645
2457814.2195280  1.0003324
2457814.2399590  1.0001456
2457814.2603910  1.0001451
2457814.2808230  1.0001879
2457814.3012540  1.0000292
2457814.3216860  0.9998548
2457814.3421180  1.0001252
2457814.3829810  0.9999235
2457814.4034120  1.0001983
2457814.4238440  1.0000433
2457814.4442760  1.0000735
2457814.4647070  1.0000000
2457814.4851390  0.9997450
2457814.5055710  0.9999727
2457814.5260020  0.9997286
2457814.5464340  0.9998426
2457814.5668660  0.9997596
2457814.5872970  0.9998651
2457814.6485920  1.0003074
2457814.6690240  1.0000240
2457814.6894550  1.0002318
2457814.7098870  1.0002853
2457814.7303190  1.0000094
2457814.7507500  1.0001398
2457814.7711820  1.0000000
2457814.7916140  0.9997619
2457814.8120450  0.9999043
2457814.8324770  1.0000901
2457814.8937720  1.0000739
2457814.9142030  1.0003568
2457814.9346350  0.9999911
2457814.9550670  0.9994309
2457814.9754980  0.9992121
2457814.9959300  0.9991684
2457815.0163620  0.9992844
2457815.0367930  0.9990458
2457815.0572250  0.9994786
2457815.0776570  0.9996696
2457815.1185200  1.0000775
2457815.1389510  1.0004181
2457815.1593830  1.0002537
2457815.1798150  1.0000493
2457815.2002460  0.9992237
2457815.2206780  0.9991250
2457815.2411100  0.9992862
2457815.2615410  0.9994899
2457815.2819730  0.9996675
2457815.3024050  0.9996860
2457815.3228360  1.0003240
2457815.3841310  1.0002251
2457815.4045630  1.0002441
2457815.4249940  1.0000679
2457815.4454260  1.0000381
2457815.4658580  1.0000530
2457815.4862890  1.0002045
2457815.5067210  0.9999622
2457815.5271530  1.0000189
2457815.5475840  0.9998666
2457815.5680160  1.0000677
2457815.5884480  1.0001189
2457815.6088790  1.0001137
2457815.6293110  0.9998452
2457815.6497430  0.9995273
2457815.6701740  0.9998625
2457815.6906060  0.9999934
2457815.7110380  0.9998908
2457815.7314690  0.9999861
2457815.7519010  0.9989650
2457815.7723320  0.9989823
2457815.7927640  0.9988462
2457815.8131960  0.9988329
2457815.8540590  0.9993285
2457815.8744910  0.9989042
2457815.8949220  0.9992069
2457815.9153540  1.0000073
2457815.9357860  0.9998775
2457815.9562170  1.0003999
2457815.9766490  0.9996112
2457815.9970810  0.9996029
